Supplemental results for CODEML (seqf: ../alpha1alpha2-nonAlphaHelices-nuc.paml  treef: )


pairwise comparison (Goldman & Yang 1994)
seq seq        N       S       dN       dS     dN/dS   Paras.
  2   1    284.8     72.2   0.0507   0.1285   0.3943   0.1993   1.5325   0.3943  -571.072
  3   1    283.0     74.0   0.0709   0.1981   0.3580   0.2919   2.5962   0.3580  -598.782
  3   2    283.9     73.1   0.0625   0.2009   0.3109   0.2724   2.2801   0.3109  -594.127
  4   1    286.4     70.6   0.0824   0.2058   0.4005   0.3204   1.6684   0.4005  -613.467
  4   2    283.0     74.0   0.0482   0.1970   0.2445   0.2370   2.7266   0.2445  -577.844
  4   3    283.2     73.8   0.0592   0.1435   0.4127   0.2298   3.4032   0.4127  -582.251
  5   1    285.8     71.2   0.0742   0.1490   0.4981   0.2674   1.7995   0.4981  -593.763
  5   2    284.2     72.8   0.0549   0.1451   0.3786   0.2200   2.2407   0.3786  -575.500
  5   3    282.2     74.8   0.0448   0.1034   0.4333   0.1712   4.1297   0.4333  -556.247
  5   4    284.2     72.8   0.0358   0.0302   1.1871   0.1040   2.9760   1.1871  -531.123
  6   1    285.7     71.3   0.0708   0.1836   0.3858   0.2800   2.1578   0.3858  -596.607
  6   2    284.0     73.0   0.0515   0.1788   0.2883   0.2327   2.7677   0.2883  -577.951
  6   3    282.2     74.8   0.0446   0.0884   0.5050   0.1613   5.0848   0.5050  -552.671
  6   4    287.2     69.8   0.0210   0.0475   0.4414   0.0785   2.3160   0.4414  -517.138
  6   5    277.6     79.4   0.0224   0.0128   1.7530   0.0608  13.3715   1.7530  -503.445

