JunctionID	SJ.Chr	SJ.Start	SJ.Stop	SJ.Strand	Gene	SRR924570.M.proventriculus	SRR924573.F.proventriculus	SRR924582.M.spleen	SRR924585.F.spleen	SRR924202.M.adrenal_gland	SRR924485.M.adipose	SRR924539.F.adipose	SRR924540.M.cerebellum	SRR924541.F.cerebellum	SRR924542.M.cerebrum	SRR924546.F.cerebrum	SRR924547.M.testes	SRR924548.F.ovary	SRR924549.M.heart	SRR924550.F.heart	SRR924551.M.hypothalamus	SRR924552.F.hypothalamus	SRR924553.M.kidney	SRR924554.F.kidney	SRR924555.M.liver	SRR924556.F.liver	SRR924557.M.lung	SRR924558.F.lung	SRR924559.M.breast_muscle	SRR924561.F.breast_muscle	SRR924564.M.sciatic nerve	SRR924567.F.sciatic nerve
Contig1_133	Contig1	350115	350199	+	RJF.Contig1.LOC43.YLEC18f	0	0	0	0	0	0	0	0	0	0	0	0	0	0	0	0	0	0	0	0	0	0	0	0	0	0	0
Contig1_123	Contig1	334614	334910	+	RJF.Contig1.LOC41.YLEC17e	0	0	0	0	0	0	0	0	0	0	0	0	0	0	0	0	0	0	0	0	0	0	0	0	0	0	0
Contig1_064	Contig1	235194	235398	-	RJF.Contig1.LOC24.YLEC10c	0	0	0	0	0	0	0	0	0	0	0	0	0	0	0	0	0	0	0	0	0	0	0	0	0	0	0
Contig1_009	Contig1	158731	158907	+	RJF.Contig1.LOC11.ZNFY2a	0	0.0147	0.0465	0	0.133	0	0.125	0.348	0.212	0.207	0.172	0	0	0	0.0755	0.274	0.232	0	0.167	0.0513	0.0541	0.027	0.0909	0	0.0167	0.184	0.25
Contig1_115	Contig1	327001	327095	-	RJF.Contig1.LOC39.MHCY13e	0	0	0.0233	0	0	0	0	0	0	0	0	0	0	0	0	0	0	0	0	0	0	0	0.0303	0	0	0.0408	0
Contig1_030	Contig1	192904	193144	-	RJF.Contig1.LOC16.MHCY3h	0	0	0	0	0	0	0	0	0	0	0	0	0	0	0	0	0	0	0	0	0	0	0	0	0	0	0
Contig1_070	Contig1	243801	243926	+	RJF.Contig1.LOC27.MHCY7l	0	0	0	0	0	0	0.05	0	0	0	0	0	0	0	0.0189	0	0	0	0	0	0	0	0	0	0	0	0
Contig1_059	Contig1	232005	232097	-	RJF.Contig1.LOC23.YLEC9b	0	0	0	0	0	0	0	0	0	0	0	0	0	0	0	0	0	0	0.00794	0	0	0.027	0	0	0	0	0
Contig1_114	Contig1	327372	327616	-	RJF.Contig1.LOC39.MHCY13e	0	0	0	0	0	0	0	0	0	0	0	0	0	0	0	0	0	0	0	0	0	0	0	0	0	0	0
Contig1_020	Contig1	174639	174718	-	RJF.Contig1.LOC13.MHCY1d	0.0351	0.0735	1.26	0.658	0.875	0.59	0.6	0.0758	0.106	0.103	0.138	0	0.172	0.792	0.698	0.286	0.061	0.133	2.02	0.462	0.324	1.38	1.21	0.0408	0.117	2.11	1.18
Contig1_043	Contig1	210357	210451	-	RJF.Contig1.LOC19.MHCY5f	0	0	0.256	0.105	0.117	0.0256	0.05	0.0455	0.0152	0	0	0	0	0.0833	0.0943	0	0.0366	0	0.429	0.0256	0.027	0.162	0.394	0	0	0.204	0.0714
Contig1_067	Contig1	234330	234618	-	RJF.Contig1.LOC24.YLEC10c	0	0	0	0	0	0	0	0	0	0	0	0	0	0	0	0	0	0	0	0	0	0	0	0	0	0	0
Contig1_047	Contig1	209393	209564	-	RJF.Contig1.LOC19.MHCY5f	0	0	0	0	0	0	0	0	0	0	0	0	0	0	0	0	0	0	0	0	0	0	0	0	0	0	0
Contig1_027	Contig1	186592	186672	-	RJF.Contig1.LOC14.MHCY2v	0	0	0	0	0	0	0	0	0	0	0	0	0	0	0	0	0	0	0	0	0	0	0	0	0	0	0
Contig1_117	Contig1	326429	326542	-	RJF.Contig1.LOC39.MHCY13e	0	0.0147	0	0	0	0	0	0	0	0	0	0	0	0	0	0	0	0	0.0159	0	0	0	0	0	0	0	0
Contig1_140	Contig1	354545	354628	+	RJF.Contig1.LOC44.MHCY15m	0	0	0	0	0	0	0	0	0	0	0	0	0	0	0	0	0	0	0	0	0	0	0	0	0	0	0
Contig1_061	Contig1	231365	231653	-	RJF.Contig1.LOC23.YLEC9b	0	0.147	4.58	1.87	0.0917	0.436	1.1	0.0152	0.0152	0	0.069	0	0	0.375	0.132	0.0238	0.0122	0.156	0.302	0.179	0.459	0.541	0.455	0.0204	0.0667	0.296	0.393
Contig1_085	Contig1	269218	269302	+	RJF.Contig1.LOC31.YLEC13d	0	0	0	0	0	0	0	0	0	0	0	0	0	0	0	0	0	0	0	0	0	0	0	0	0	0	0
Contig1_134	Contig1	350305	350601	+	RJF.Contig1.LOC43.YLEC18f	0	0	0	0	0	0	0	0	0	0	0	0	0	0	0	0	0	0	0	0	0	0	0	0	0	0	0
Contig1_160	Contig1	384173	384284	-	RJF.Contig1.LOC50.MHCY18i	0	0.0147	0.0465	0.0789	0	0.103	0.025	0	0	0	0	0	0	0	0.0566	0	0	0	0.0238	0	0	0	0.152	0	0	0.0306	0
Contig1_166	Contig1	396079	396161	-	RJF.Contig1.LOC51.MHCY19t	0	0	0	0	0	0	0	0	0	0	0	0	0	0	0	0	0	0	0	0	0	0	0	0	0	0	0
Contig1_156	Contig1	385617	385742	-	RJF.Contig1.LOC50.MHCY18i	0	0	0	0	0	0	0	0	0	0	0	0	0	0	0	0.0119	0	0	0	0	0	0	0	0	0	0.0102	0
Contig1_131	Contig1	349542	349731	+	RJF.Contig1.LOC43.YLEC18f	0	0	0	0	0	0	0	0	0	0	0	0	0	0	0	0	0	0	0	0	0	0	0	0	0	0	0
Contig1_031	Contig1	192533	192627	-	RJF.Contig1.LOC16.MHCY3h	0	0	0	0	0	0	0	0	0	0	0	0	0	0	0	0	0	0	0	0	0	0	0	0	0	0	0
Contig1_090	Contig1	274985	275229	-	RJF.Contig1.LOC32.MHCY9i	0	0	0.0465	0.0263	0	0.0769	0	0.0152	0	0	0	0	0	0	0.0189	0.0119	0	0.0222	0	0	0	0.027	0.0303	0	0	0	0
Contig1_110	Contig1	312716	312798	+	RJF.Contig1.LOC37.MHCY12q	0	0.382	2.16	1.89	0.833	1.15	3.25	0.106	0.0909	0.103	0.103	0.2	0.517	0.979	1.68	0.0952	0.0854	0.444	2.13	0.872	1.11	2.16	4.88	0.102	0.1	1.1	1.64
Contig1_019	Contig1	174992	175086	-	RJF.Contig1.LOC13.MHCY1d	0.0351	0.25	6.44	4.71	1.17	1.41	3.23	0.242	0.288	0.103	0.207	0.2	0.793	1.46	2.15	0.31	0.159	0.889	2.76	0.872	0.838	5.97	8.52	0.0816	0.117	3.49	1.54
Contig1_069	Contig1	233553	233775	-	RJF.Contig1.LOC24.YLEC10c	0	0	0	0	0	0	0	0	0	0	0	0	0	0	0	0	0	0	0	0	0	0	0	0	0	0	0
Contig1_083	Contig1	268637	268832	+	RJF.Contig1.LOC31.YLEC13d	0	0	0	0	0	0	0	0	0	0	0	0	0	0	0	0	0	0	0	0	0	0	0	0	0	0	0
Contig1_171	Contig1	408483	408562	-	RJF.Contig1.LOC52.MHCY20o	0	0	0	0	0	0	0	0	0	0	0	0	0	0	0	0	0	0	0	0	0	0	0	0	0	0	0
Contig1_119	Contig1	326020	326204	-	RJF.Contig1.LOC39.MHCY13e	0	0	0	0	0	0	0	0	0	0	0	0	0	0	0	0	0	0	0	0	0	0	0.0303	0	0	0	0
Contig1_077	Contig1	264322	264566	-	RJF.Contig1.LOC30.MHCY8a	0	0	0.14	0.211	0.00833	0.0769	0.05	0	0	0	0	0	0	0.0625	0.0377	0	0	0	0.00794	0	0	0.162	0.273	0	0	0.122	0
Contig1_144	Contig1	374448	374692	-	RJF.Contig1.LOC48.MHCY17a	0	0	0.14	0.211	0.00833	0.0769	0.05	0	0	0	0	0	0	0.0625	0.0377	0	0	0	0.00794	0	0	0.189	0.273	0	0	0.112	0
Contig1_099	Contig1	285953	286035	-	RJF.Contig1.LOC33.MHCY10t	0	0	0	0	0	0	0	0	0	0	0	0	0	0	0	0	0	0	0	0	0	0	0	0	0	0	0
Contig1_088	Contig1	270259	270481	+	RJF.Contig1.LOC31.YLEC13d	0	0	0	0	0	0	0	0	0	0	0	0	0	0	0	0	0	0	0	0	0	0	0	0	0	0	0
Contig1_158	Contig1	384740	384834	-	RJF.Contig1.LOC50.MHCY18i	0	0	0.0465	0.0526	0.0167	0.0769	0.025	0	0.0152	0	0	0	0	0	0.0189	0	0	0.0222	0.0159	0	0	0.135	0.182	0	0	0.0204	0.0357
Contig1_003	Contig1	128081	128163	+	RJF.Contig1.LOC06.MHCY2B1a	0	0	0	0	0.00833	0	0.05	0.0152	0	0	0.0345	0	0	0	0	0	0	0	0.0238	0	0	0	0	0	0	0	0
Contig1_104	Contig1	298357	298436	-	RJF.Contig1.LOC34.MHCY11o	0	0	0	0	0	0	0	0	0	0	0	0	0	0	0	0	0	0	0	0	0	0	0	0	0	0	0
Contig1_053	Contig1	229041	229133	-	RJF.Contig1.LOC22.YLEC8a	0	0	0	0	0	0	0	0	0	0	0	0	0	0	0	0	0	0	0	0	0	0	0	0	0	0	0
Contig1_138	Contig1	353646	353900	+	RJF.Contig1.LOC44.MHCY15m	0	0.0294	0.14	0.0789	0	0.154	0.05	0	0	0	0	0	0	0	0.0189	0	0	0.0444	0.0159	0	0	0.108	0.364	0.0204	0	0.0408	0.0357
Contig1_094	Contig1	273856	274013	-	RJF.Contig1.LOC32.MHCY9i	0	0	0	0.0263	0	0.0769	0.025	0.0152	0	0	0	0	0	0	0	0	0	0	0	0	0	0	0	0	0	0.0102	0
Contig1_037	Contig1	205141	205385	-	RJF.Contig1.LOC17.MHCY4v	0	0	0	0	0	0	0	0	0	0	0	0	0	0	0	0	0	0	0	0	0	0	0	0	0	0	0
Contig1_151	Contig1	379090	379185	+	RJF.Contig1.LOC49.YLEC19d	0	0	0	0	0	0	0	0	0	0	0	0	0	0	0	0	0	0	0	0	0	0	0	0	0	0	0
Contig1_054	Contig1	228801	228885	-	RJF.Contig1.LOC22.YLEC8a	0	0	0	0	0	0	0	0	0	0	0	0	0	0	0	0	0	0	0	0	0	0	0	0	0	0	0
Contig1_163	Contig1	397306	397431	-	RJF.Contig1.LOC51.MHCY19t	0	0	0	0	0	0	0	0	0	0	0	0	0	0	0	0	0	0	0	0	0	0	0	0	0	0	0
Contig1_074	Contig1	245272	245392	+	RJF.Contig1.LOC27.MHCY7l	0	0.0441	1.28	0.711	0.467	0.308	0.2	0.273	0.0303	0.069	0.172	0	0.069	0.167	0.321	0.0357	0.0732	0	1.33	0.103	0.027	0.243	0.515	0.0612	0.0833	0.878	0.714
Contig1_113	Contig1	327878	328003	-	RJF.Contig1.LOC39.MHCY13e	0	0	0	0	0.00833	0	0	0	0	0	0	0	0	0	0	0	0	0	0.00794	0	0	0	0	0	0	0.0102	0.0357
Contig1_068	Contig1	233883	234147	-	RJF.Contig1.LOC24.YLEC10c	0	0	0	0	0	0	0	0	0	0	0	0	0	0	0	0	0	0	0	0	0	0	0	0	0	0	0
Contig1_050	Contig1	223846	223940	+	RJF.Contig1.LOC21.MHCY6u	0	0	0.0698	0	0.00833	0	0.05	0	0	0.0345	0.0345	0	0	0	0	0	0	0	0.0159	0	0	0.027	0	0	0	0	0
Contig1_060	Contig1	231765	231849	-	RJF.Contig1.LOC23.YLEC9b	0.0175	0.0147	0.512	0.0263	0.00833	0.0256	0.025	0	0	0	0	0	0	0.0833	0	0	0	0	0.0794	0	0	0.027	0.0606	0	0	0.0204	0.0714
Contig1_107	Contig1	311440	311565	+	RJF.Contig1.LOC37.MHCY12q	0	0	0.488	0.474	0.608	0.128	0.65	0.0758	0.0758	0.069	0.0345	0	0.138	0.104	0.604	0.131	0.0366	0.0444	1.08	0.282	0.189	0.378	0.697	0	0.0167	1.11	1.32
Contig1_161	Contig1	383982	384139	-	RJF.Contig1.LOC50.MHCY18i	0	0	0	0.0263	0	0.0769	0.025	0.0152	0	0	0	0	0	0	0	0	0	0	0	0	0	0	0	0	0	0.0102	0
Contig1_130	Contig1	338196	338305	-	RJF.Contig1.LOC42.MHCY14s	0	0	0	0	0.0167	0	0	0	0	0	0	0	0	0	0	0	0	0	0	0	0	0	0	0	0	0	0
Contig1_087	Contig1	269887	270151	+	RJF.Contig1.LOC31.YLEC13d	0	0	0	0	0	0	0	0	0	0	0	0	0	0	0	0	0	0	0	0	0	0	0	0	0	0	0
Contig1_095	Contig1	273639	273822	-	RJF.Contig1.LOC32.MHCY9i	0	0	0.0465	0	0	0	0	0	0	0	0	0	0	0	0	0	0	0	0.00794	0	0	0	0.0303	0	0.0167	0.0306	0
Contig1_135	Contig1	350784	351048	+	RJF.Contig1.LOC43.YLEC18f	0	0	0	0	0	0	0	0	0	0	0	0	0	0	0	0	0	0	0	0	0	0	0	0	0	0	0
Contig1_112	Contig1	313046	313203	+	RJF.Contig1.LOC37.MHCY12q	0	0	0	0	0	0	0	0.0152	0	0	0	0	0	0	0.0189	0	0	0	0.0238	0	0	0	0	0	0	0.0204	0
Contig1_086	Contig1	269408	269704	+	RJF.Contig1.LOC31.YLEC13d	0	0	0	0	0	0	0	0	0	0	0	0	0	0	0	0	0	0	0	0	0	0	0	0	0	0	0
Contig1_018	Contig1	175363	175607	-	RJF.Contig1.LOC13.MHCY1d	0.0877	0.382	14.1	9.53	0.75	4.49	5.12	0.212	0.136	0.103	0.172	0.533	1.48	1.62	2.53	0.19	0.195	1.51	1.31	0.923	1.05	9.68	22.4	0.204	0.333	1.98	0.643
Contig1_170	Contig1	408836	408930	-	RJF.Contig1.LOC52.MHCY20o	0	0.0147	0.791	0.368	0.0167	0.0769	0.15	0	0	0	0	0	0.0345	0	0.0943	0	0	0.0222	0.0317	0	0.0541	0.432	1.15	0	0	0.0408	0.0357
Contig1_124	Contig1	335093	335357	+	RJF.Contig1.LOC41.YLEC17e	0	0	0	0	0	0	0	0	0	0	0	0	0	0	0	0	0	0	0	0	0	0	0	0	0	0	0
Contig1_121	Contig1	334176	334268	+	RJF.Contig1.LOC41.YLEC17e	0	0	0	0	0	0	0	0	0	0	0	0	0	0	0	0	0	0	0	0	0	0	0	0	0	0.0204	0
Contig1_093	Contig1	274047	274158	-	RJF.Contig1.LOC32.MHCY9i	0	0.0147	0.0465	0.0789	0	0.103	0.025	0.0152	0	0	0	0	0	0	0.0566	0	0	0	0.0159	0	0	0	0.152	0	0	0.0408	0
Contig1_045	Contig1	209789	209898	-	RJF.Contig1.LOC19.MHCY5f	0	0	0.209	0.132	0.183	0.154	0.1	0.0152	0.0455	0	0	0	0	0.0417	0.245	0.0595	0.0366	0.0667	1.17	0.282	0.0541	0.162	0.303	0	0.0333	0.786	0.357
Contig1_084	Contig1	268964	269059	+	RJF.Contig1.LOC31.YLEC13d	0	0	0	0	0	0	0	0	0	0	0	0	0	0	0	0	0	0	0	0	0	0	0	0	0	0.0102	0
Contig1_145	Contig1	374091	374171	-	RJF.Contig1.LOC48.MHCY17a	0	0	0.558	0.316	0.0333	0.282	0.225	0.0152	0.0152	0.0345	0	0.0667	0.103	0.167	0.189	0	0	0.0222	0.0317	0.0769	0.0541	1.08	1.55	0	0	0.449	0.0357
Contig1_152	Contig1	379344	379428	+	RJF.Contig1.LOC49.YLEC19d	0	0	0	0	0	0	0	0	0	0	0	0	0	0	0	0	0	0	0	0	0	0	0	0	0	0	0
Contig1_011	Contig1	159766	159870	+	RJF.Contig1.LOC11.ZNFY2a	0	0	0	0	0.0167	0	0	0.0152	0	0	0	0	0	0	0	0	0	0	0	0	0	0	0	0	0	0.0102	0
Contig1_109	Contig1	312348	312442	+	RJF.Contig1.LOC37.MHCY12q	0.0351	0.176	2.4	2.32	1	1.44	2.52	0.0758	0.167	0.207	0.0345	0.133	0.724	0.521	1.09	0.119	0.0854	0.244	1.83	0.41	0.649	2.62	5.3	0.0816	0.133	1.47	1.25
Contig1_013	Contig1	166681	166789	-	RJF.Contig1.LOC12.MHCY2B2b	0	0	0	0	0.0417	0	0	0	0	0	0	0	0	0	0	0	0	0	0	0	0	0	0	0	0	0	0
Contig1_136	Contig1	351156	351378	+	RJF.Contig1.LOC43.YLEC18f	0	0	0	0	0	0	0	0	0	0	0	0	0	0	0	0	0	0	0	0	0	0	0	0	0	0	0
Contig1_076	Contig1	264828	264953	-	RJF.Contig1.LOC30.MHCY8a	0	0	0	0	0	0	0	0	0	0	0	0	0	0	0	0	0	0	0	0	0	0.027	0	0	0	0.0306	0.0357
Contig1_139	Contig1	354177	354271	+	RJF.Contig1.LOC44.MHCY15m	0	0	0	0	0	0	0	0	0	0	0	0	0	0	0	0	0	0	0	0	0	0	0	0	0	0	0
Contig1_169	Contig1	409207	409451	-	RJF.Contig1.LOC52.MHCY20o	0	0	0.0233	0.0263	0.0167	0	0.075	0	0	0	0	0	0.0345	0	0.0566	0.0119	0	0	0	0	0	0.027	0.121	0	0	0.0714	0
Contig1_143	Contig1	374954	375079	-	RJF.Contig1.LOC48.MHCY17a	0	0	0.0233	0	0	0	0	0	0	0	0	0	0	0	0	0	0	0	0	0	0	0	0.0303	0	0	0.0816	0.0357
Contig1_147	Contig1	373519	373632	-	RJF.Contig1.LOC48.MHCY17a	0	0	0.209	0.132	0.0333	0.103	0.15	0.0152	0.0152	0.0345	0.0345	0	0	0.0417	0.0566	0	0.0122	0	0.0635	0.0256	0	0.27	0.182	0.0204	0	0.316	0
Contig1_080	Contig1	263393	263506	-	RJF.Contig1.LOC30.MHCY8a	0	0	0.209	0.105	0.0333	0.103	0.125	0	0.0152	0.0345	0	0	0	0.0625	0.0566	0	0.0122	0	0.0476	0.0256	0	0.27	0.212	0.0204	0	0.378	0.0357
Contig1_044	Contig1	210001	210083	-	RJF.Contig1.LOC19.MHCY5f	0	0	0.0233	0.0789	0.125	0.0256	0.075	0.0152	0.0455	0	0.069	0	0	0.0208	0.0755	0.0357	0.0366	0	0.794	0.0513	0	0.108	0.303	0	0	0.786	0.321
Contig1_097	Contig1	286680	286918	-	RJF.Contig1.LOC33.MHCY10t	0	0	0	0	0	0	0	0	0	0	0	0	0	0	0	0	0	0	0	0	0	0	0	0	0	0	0
Contig1_127	Contig1	339135	339375	-	RJF.Contig1.LOC42.MHCY14s	0	0	0	0	0	0	0	0	0	0	0	0	0	0	0	0	0	0	0	0	0	0	0	0	0	0	0
Contig1_100	Contig1	285741	285850	-	RJF.Contig1.LOC33.MHCY10t	0	0.0147	0.0233	0	0	0	0	0	0	0	0	0	0	0	0	0	0	0	0	0	0	0	0	0	0	0	0
Contig1_029	Contig1	193406	193531	-	RJF.Contig1.LOC16.MHCY3h	0	0	0	0	0	0	0	0.0152	0	0	0	0	0	0	0	0	0	0	0	0	0	0	0	0	0	0	0
Contig1_153	Contig1	379534	379830	+	RJF.Contig1.LOC49.YLEC19d	0	0	0	0	0	0	0	0	0	0	0	0	0	0	0	0	0	0	0	0	0	0	0	0	0	0.0102	0
Contig1_159	Contig1	384387	384466	-	RJF.Contig1.LOC50.MHCY18i	0	0	0	0.0263	0.00833	0.0256	0	0	0	0	0	0	0	0	0	0	0	0	0	0	0	0	0	0	0	0	0
Contig1_005	Contig1	128386	128472	+	RJF.Contig1.LOC06.MHCY2B1a	0	0	0.0233	0.0263	0.025	0	0	0	0	0	0	0	0	0	0	0	0	0	0.0159	0	0	0	0	0	0	0.0102	0
Contig1_108	Contig1	311827	312071	+	RJF.Contig1.LOC37.MHCY12q	0.0351	0.456	9.42	9.58	0.658	6.15	7.83	0.0606	0.152	0.069	0.103	0.6	3.21	0.958	2.7	0.107	0.0976	1.53	1.9	1.15	2.16	9.68	22.8	0.0816	0.183	1.35	1.46
Contig1_120	Contig1	333851	334044	+	RJF.Contig1.LOC41.YLEC17e	0	0	0	0	0	0	0	0	0	0	0	0	0	0	0	0	0	0	0	0	0	0	0	0	0	0	0
Contig1_154	Contig1	380013	380277	+	RJF.Contig1.LOC49.YLEC19d	0	0	0	0	0	0	0	0	0	0	0	0	0	0	0	0	0	0	0	0	0	0	0	0	0	0	0
Contig1_028	Contig1	186376	186489	-	RJF.Contig1.LOC14.MHCY2v	0	0	0	0	0	0	0	0	0	0	0	0	0	0	0	0	0	0	0	0	0	0	0	0	0	0	0
Contig1_022	Contig1	174251	174408	-	RJF.Contig1.LOC13.MHCY1d	0.0175	0.0294	0.744	0.421	1.02	0.333	0.4	0.167	0.227	0.103	0.138	0	0.0345	0.312	0.453	0.262	0.171	0.133	2.5	0.41	0.297	0.892	1.42	0.0612	0.0667	2.11	1.18
Contig1_173	Contig1	408076	408233	-	RJF.Contig1.LOC52.MHCY20o	0	0	0.0698	0.0263	0	0.0256	0	0	0	0	0	0	0	0	0	0	0	0.0222	0.00794	0	0	0.0541	0.0303	0	0	0.0102	0.0357
Contig1_165	Contig1	396435	396529	-	RJF.Contig1.LOC51.MHCY19t	0	0	0.0465	0.0263	0.0167	0	0	0	0	0	0	0	0	0	0	0	0	0	0	0	0	0	0	0	0	0	0
Contig1_038	Contig1	204770	204864	-	RJF.Contig1.LOC17.MHCY4v	0	0	0	0	0	0	0	0	0	0	0	0	0	0	0	0	0	0	0	0	0	0	0	0	0	0	0
Contig1_081	Contig1	263204	263359	-	RJF.Contig1.LOC30.MHCY8a	0	0	0.116	0.0789	0.025	0.0513	0.025	0	0	0	0	0	0	0.0417	0.0377	0	0	0	0.0317	0	0	0.027	0.0909	0.0204	0	0.204	0.0357
Contig1_007	Contig1	134810	135441	-	RJF.Contig1.LOC07.ZNFY1a	0	0	0	0	0	0	0	0	0	0	0	0	0	0	0	0	0	0	0	0	0	0	0	0	0	0	0
Contig1_004	Contig1	128275	128361	+	RJF.Contig1.LOC06.MHCY2B1a	0	0	0	0	0	0	0	0	0	0	0	0	0	0	0	0	0	0	0	0	0	0	0	0	0	0	0
Contig1_118	Contig1	326238	326395	-	RJF.Contig1.LOC39.MHCY13e	0	0	0	0	0	0	0	0	0	0	0	0	0	0	0	0	0	0	0	0	0	0	0	0	0	0	0.0357
Contig1_129	Contig1	338408	338490	-	RJF.Contig1.LOC42.MHCY14s	0	0	0	0.0263	0	0	0	0	0	0	0	0	0	0	0	0	0	0	0	0	0	0.027	0	0	0	0	0
Contig1_078	Contig1	263965	264045	-	RJF.Contig1.LOC30.MHCY8a	0	0	0.558	0.289	0.0333	0.282	0.225	0	0.0152	0.0345	0	0.0667	0.103	0.167	0.189	0	0	0.0222	0.0397	0.0769	0.0541	1.08	1.55	0	0	0.449	0.0357
Contig1_016	Contig1	166010	166096	-	RJF.Contig1.LOC12.MHCY2B2b	0	0.0147	0	0.0263	0.45	0	0.025	0	0	0	0	0.0667	0	0.0208	0	0	0	0	0.0476	0	0	0	0.0606	0	0.0333	0.0408	0.0714
Contig1_092	Contig1	274261	274340	-	RJF.Contig1.LOC32.MHCY9i	0	0	0	0.0263	0.00833	0.0256	0	0	0	0	0	0	0	0	0	0	0	0	0	0	0	0	0	0	0	0	0
Contig1_012	Contig1	167060	167291	-	RJF.Contig1.LOC12.MHCY2B2b	0	0	0	0	0	0	0	0	0	0	0	0	0	0	0	0	0	0	0	0	0	0	0	0	0	0	0
Contig1_066	Contig1	234730	234814	-	RJF.Contig1.LOC24.YLEC10c	0	0	0	0	0.00833	0	0	0	0	0	0	0	0	0	0	0	0	0	0.00794	0	0	0	0	0	0	0	0
Contig1_122	Contig1	334424	334508	+	RJF.Contig1.LOC41.YLEC17e	0	0	0	0	0	0	0	0	0	0	0	0	0	0	0	0	0	0	0	0	0	0	0	0	0	0	0
Contig1_021	Contig1	174442	174536	-	RJF.Contig1.LOC13.MHCY1d	0.0175	0.0588	1.23	1.08	1.07	0.769	0.625	0.212	0.258	0.103	0.207	0.0667	0.069	0.542	0.811	0.226	0.11	0.0889	2.92	0.436	0.243	1.32	1.88	0.0408	0.183	2.44	1.04
Contig1_148	Contig1	373330	373485	-	RJF.Contig1.LOC48.MHCY17a	0	0	0.116	0.0789	0.0167	0.0513	0.025	0	0	0	0.0345	0	0	0.0833	0.0377	0	0.0122	0	0.0159	0	0	0.027	0.0909	0.0204	0	0.235	0.0357
Contig1_008	Contig1	134606	134710	-	RJF.Contig1.LOC07.ZNFY1a	0	0	0	0	0	0	0	0	0	0	0	0	0	0	0	0	0	0	0	0	0	0	0	0	0	0	0
Contig1_056	Contig1	227964	228218	-	RJF.Contig1.LOC22.YLEC8a	0	0	0	0	0	0	0	0	0	0	0	0	0	0	0	0	0	0	0	0	0	0	0	0	0	0	0
Contig1_039	Contig1	204416	204496	-	RJF.Contig1.LOC17.MHCY4v	0	0	0	0	0	0	0	0	0	0	0	0	0	0	0	0	0	0	0	0	0	0	0	0	0	0	0
Contig1_106	Contig1	297950	298107	-	RJF.Contig1.LOC34.MHCY11o	0	0	0.0698	0.0263	0	0	0.025	0	0	0	0	0	0	0	0	0	0	0.0222	0.00794	0	0	0	0.0303	0	0	0.0102	0.0357
Contig1_071	Contig1	244188	244442	+	RJF.Contig1.LOC27.MHCY7l	0	0.0294	0.14	0.0789	0.00833	0.154	0.05	0	0	0	0	0	0	0	0.0189	0	0	0.0667	0.0159	0	0	0.108	0.364	0.0408	0	0.0408	0.0357
Contig1_168	Contig1	409713	409838	-	RJF.Contig1.LOC52.MHCY20o	0	0	0	0	0	0	0	0	0	0	0	0	0	0	0	0	0	0	0	0	0	0	0	0	0	0.0204	0
Contig1_096	Contig1	287180	287305	-	RJF.Contig1.LOC33.MHCY10t	0	0	0	0	0	0	0	0	0	0	0	0	0	0	0	0	0	0	0	0	0	0	0	0	0	0	0
Contig1_089	Contig1	275491	275616	-	RJF.Contig1.LOC32.MHCY9i	0	0	0	0	0	0	0.025	0	0	0	0	0	0	0	0	0.0119	0	0	0	0	0	0	0	0	0	0.0102	0
Contig1_010	Contig1	159035	159666	+	RJF.Contig1.LOC11.ZNFY2a	0	0	0	0	0.00833	0	0	0.0303	0.0152	0	0.0345	0	0	0	0	0.0595	0.0122	0	0.0159	0	0	0	0	0	0	0.0204	0
Contig1_116	Contig1	326645	326727	-	RJF.Contig1.LOC39.MHCY13e	0	0	0	0	0	0	0	0	0	0	0	0	0	0	0	0	0	0	0	0	0	0	0	0	0	0	0
Contig1_058	Contig1	232229	232424	-	RJF.Contig1.LOC23.YLEC9b	0	0	0	0	0	0	0	0	0	0	0	0	0	0	0	0	0	0	0	0	0	0	0	0	0	0	0
Contig1_051	Contig1	224214	224295	+	RJF.Contig1.LOC21.MHCY6u	0	0	0	0	0	0	0	0	0	0.0345	0	0	0	0	0	0	0	0	0	0	0	0	0	0	0	0	0
Contig1_128	Contig1	338764	338858	-	RJF.Contig1.LOC42.MHCY14s	0	0	0	0	0	0	0	0	0	0	0	0	0	0	0	0	0	0	0	0	0	0	0	0	0	0	0
Contig1_150	Contig1	378763	378958	+	RJF.Contig1.LOC49.YLEC19d	0	0	0.0233	0	0	0	0	0	0	0	0	0	0	0	0	0	0	0	0	0	0	0	0	0	0	0	0
Contig1_137	Contig1	353259	353384	+	RJF.Contig1.LOC44.MHCY15m	0	0	0	0	0	0	0	0	0	0	0	0	0	0	0	0	0	0	0	0	0	0	0	0	0	0	0
Contig1_141	Contig1	354731	354799	+	RJF.Contig1.LOC44.MHCY15m	0	0	0	0	0	0	0	0	0	0	0	0	0	0	0	0	0	0	0	0	0	0	0	0	0	0	0
Contig1_149	Contig1	373112	373296	-	RJF.Contig1.LOC48.MHCY17a	0	0	0	0	0	0	0	0	0	0	0	0	0	0	0	0	0	0	0.00794	0	0	0	0	0	0	0.0612	0
Contig1_025	Contig1	187317	187561	-	RJF.Contig1.LOC14.MHCY2v	0	0	0	0	0	0	0	0	0	0	0	0	0	0	0	0	0	0	0	0	0	0	0	0	0	0	0
Contig1_036	Contig1	205647	205772	-	RJF.Contig1.LOC17.MHCY4v	0	0	0	0	0	0	0	0	0	0	0	0	0	0	0	0	0	0	0	0	0	0	0	0	0	0	0
Contig1_146	Contig1	373735	373817	-	RJF.Contig1.LOC48.MHCY17a	0	0	0	0	0.0333	0	0.025	0	0	0	0	0	0	0	0	0	0	0	0.0317	0	0	0	0.0303	0	0	0.0816	0
Contig1_111	Contig1	312901	313012	+	RJF.Contig1.LOC37.MHCY12q	0.14	0.868	8.33	7.68	1.09	5.36	8.88	0.136	0.0909	0.0345	0.0345	0.6	2.28	2.33	4.62	0.119	0.195	1.02	2.85	1.9	3.97	9.38	15.5	0.143	0.55	1.58	1.79
Contig1_024	Contig1	187823	187948	-	RJF.Contig1.LOC14.MHCY2v	0	0	0	0	0	0	0	0	0	0	0	0	0	0	0	0	0	0	0	0	0	0	0	0	0	0	0
Contig1_162	Contig1	383765	383948	-	RJF.Contig1.LOC50.MHCY18i	0	0	0	0	0	0	0	0	0	0	0	0	0	0	0	0	0	0	0	0	0	0	0	0	0	0.0102	0
Contig1_033	Contig1	191965	192074	-	RJF.Contig1.LOC16.MHCY3h	0	0	0	0	0	0	0	0	0	0	0	0	0	0	0	0	0	0	0	0	0	0	0	0	0	0	0
Contig1_052	Contig1	229265	229460	-	RJF.Contig1.LOC22.YLEC8a	0	0	0	0	0	0	0	0	0	0	0	0	0	0	0	0	0	0	0	0	0	0	0	0	0	0	0
Contig1_126	Contig1	339637	339762	-	RJF.Contig1.LOC42.MHCY14s	0	0	0	0	0	0	0	0	0	0	0	0	0	0	0	0	0	0	0	0	0	0	0	0	0	0	0
Contig1_049	Contig1	223325	223569	+	RJF.Contig1.LOC21.MHCY6u	0	0	0.0465	0.105	0.00833	0.0256	0	0	0	0	0	0	0.0345	0	0.0189	0	0	0	0.00794	0	0.027	0.0541	0.0606	0	0	0	0
Contig1_172	Contig1	408267	408380	-	RJF.Contig1.LOC52.MHCY20o	0	0	0.116	0.0789	0	0.0256	0	0	0	0	0	0	0	0	0.0189	0	0	0.0222	0.00794	0	0.027	0.108	0.0303	0	0	0.0102	0
Contig1_101	Contig1	299587	299712	-	RJF.Contig1.LOC34.MHCY11o	0	0	0	0	0	0	0	0	0	0	0	0	0	0	0	0	0	0	0.00794	0	0	0	0	0	0	0.0408	0
Contig1_002	Contig1	127694	127801	+	RJF.Contig1.LOC06.MHCY2B1a	0	0	0	0	0	0	0	0	0	0	0	0	0	0	0	0	0	0	0	0	0	0	0	0	0	0	0
Contig1_057	Contig1	227634	227856	-	RJF.Contig1.LOC22.YLEC8a	0	0	0	0	0.00833	0	0	0	0	0.0345	0	0	0	0	0	0.0238	0.0122	0	0	0	0	0	0	0	0	0.0408	0
Contig1_001	Contig1	127192	127423	+	RJF.Contig1.LOC06.MHCY2B1a	0	0	0	0	0	0	0	0	0	0	0	0	0	0	0	0	0	0	0	0	0	0	0	0	0	0	0
Contig1_041	Contig1	211244	211369	-	RJF.Contig1.LOC19.MHCY5f	0.0877	0.353	7.23	4.05	3.48	2.87	5.33	0.424	0.591	0.276	0.586	0.133	0.379	2.15	5.28	0.619	0.329	1.07	9.99	2.87	1.54	3.65	7.52	0.143	0.417	10.4	7.5
Contig1_155	Contig1	380385	380607	+	RJF.Contig1.LOC49.YLEC19d	0	0	0	0	0	0	0	0	0	0	0	0	0	0	0	0	0	0	0	0	0	0	0	0	0	0	0
Contig1_063	Contig1	230588	230810	-	RJF.Contig1.LOC23.YLEC9b	0	0	0.0233	0	0	0	0	0	0	0	0	0	0	0	0	0	0	0	0	0	0	0	0	0	0	0	0
Contig1_014	Contig1	166319	166401	-	RJF.Contig1.LOC12.MHCY2B2b	0	0	0.0233	0	0.167	0	0	0	0	0	0	0	0	0	0	0	0	0	0.0159	0	0	0	0	0	0	0	0
Contig1_032	Contig1	192177	192259	-	RJF.Contig1.LOC16.MHCY3h	0	0	0	0	0	0	0	0	0	0	0	0	0	0	0	0	0	0	0	0	0	0	0	0	0	0	0
Contig1_042	Contig1	210728	210982	-	RJF.Contig1.LOC19.MHCY5f	0	0	0.0233	0.0526	0.117	0	0.075	0.0152	0.0303	0	0.0345	0	0	0	0.0189	0.0952	0.0122	0	0.405	0	0	0	0.0606	0	0	0.429	0.214
Contig1_105	Contig1	298141	298254	-	RJF.Contig1.LOC34.MHCY11o	0	0	0.14	0.0789	0	0.0256	0	0	0	0	0	0	0	0	0.0189	0	0	0.0222	0.00794	0	0.027	0.108	0.0303	0	0	0	0.0357
Contig1_103	Contig1	298710	298804	-	RJF.Contig1.LOC34.MHCY11o	0	0.0147	0.814	0.368	0.0167	0.0769	0.15	0	0	0	0	0	0.0345	0	0.0943	0	0	0.0222	0.0238	0	0.0541	0.432	1.21	0	0	0.0714	0.0357
Contig1_026	Contig1	186946	187040	-	RJF.Contig1.LOC14.MHCY2v	0	0	0	0	0	0	0	0	0	0	0	0	0	0	0	0	0	0	0	0	0	0	0	0	0	0	0
Contig1_142	Contig1	354836	354993	+	RJF.Contig1.LOC44.MHCY15m	0	0	0	0	0	0	0	0	0	0	0	0	0	0	0	0	0	0	0	0	0	0	0	0	0	0	0
Contig1_082	Contig1	262986	263170	-	RJF.Contig1.LOC30.MHCY8a	0	0	0	0	0.00833	0	0	0	0	0	0	0	0	0	0	0	0	0	0.0159	0	0	0	0	0	0	0.0918	0.0357
Contig1_035	Contig1	191569	191740	-	RJF.Contig1.LOC16.MHCY3h	0	0	0	0	0	0	0	0	0	0	0	0	0	0	0	0	0	0	0	0	0	0	0	0	0	0	0
Contig1_046	Contig1	209598	209755	-	RJF.Contig1.LOC19.MHCY5f	0	0	0	0	0.00833	0	0	0	0	0	0.0345	0	0	0	0	0.0119	0	0	0.0556	0	0	0	0	0	0	0.0306	0
Contig1_125	Contig1	335465	335687	+	RJF.Contig1.LOC41.YLEC17e	0	0	0	0	0	0	0	0	0	0	0	0	0	0	0	0	0	0	0	0	0	0	0	0	0	0	0
Contig1_015	Contig1	166121	166207	-	RJF.Contig1.LOC12.MHCY2B2b	0	0	0	0	0.0167	0	0	0	0	0	0	0	0	0	0	0	0	0	0.00794	0	0	0	0	0	0	0.0102	0
Contig1_017	Contig1	175869	175994	-	RJF.Contig1.LOC13.MHCY1d	0.0175	0.0294	0.465	0.342	0.733	0.103	0.1	0.182	0.0606	0.069	0.172	0.133	0.0345	0.229	0.208	0.119	0.0976	0.0222	1.07	0.308	0.0811	0.27	0.212	0	0.0333	1.8	0.75
Contig1_075	Contig1	245426	245587	+	RJF.Contig1.LOC27.MHCY7l	0	0.0441	0.93	0.579	0.2	0.282	0.175	0.273	0.0455	0	0.103	0	0.069	0.146	0.302	0.0357	0.0366	0	0.738	0.0513	0	0.162	0.485	0.0408	0.0833	0.449	0.357
Contig1_102	Contig1	299081	299325	-	RJF.Contig1.LOC34.MHCY11o	0	0	0.0233	0.0263	0.00833	0	0.075	0	0	0	0	0	0.0345	0	0.0566	0.0119	0.0122	0	0	0	0	0.027	0.121	0	0	0.0714	0
Contig1_065	Contig1	234970	235062	-	RJF.Contig1.LOC24.YLEC10c	0	0	0.0698	0.0263	0	0	0	0.0152	0	0	0	0	0.069	0	0	0	0	0	0.0238	0	0	0.027	0	0	0	0.0306	0
Contig1_062	Contig1	230918	231182	-	RJF.Contig1.LOC23.YLEC9b	0	0	0.419	0.342	0.025	0.0769	0.125	0.0152	0	0	0	0	0	0.0208	0.0189	0	0	0	0.0317	0.0256	0.027	0	0.0606	0.0408	0	0.051	0
Contig1_040	Contig1	204200	204313	-	RJF.Contig1.LOC17.MHCY4v	0	0	0	0	0	0	0	0	0	0	0	0	0	0	0	0	0	0	0	0	0	0	0	0	0	0	0
Contig1_006	Contig1	135569	135745	-	RJF.Contig1.LOC07.ZNFY1a	0	0	0	0	0	0	0	0.0152	0.0152	0.0345	0	0	0	0	0	0.0119	0	0	0.0159	0	0	0	0	0	0	0.0204	0
Contig1_023	Contig1	174046	174217	-	RJF.Contig1.LOC13.MHCY1d	0	0.0294	0.488	0.237	0.875	0.282	0.1	0.152	0.197	0.069	0.138	0.0667	0.0345	0.271	0.34	0.286	0.11	0.133	2.29	0.282	0.0811	0.865	0.606	0.0408	0.0667	1.58	1
Contig1_164	Contig1	396806	397044	-	RJF.Contig1.LOC51.MHCY19t	0	0	0	0	0	0	0	0	0	0	0	0	0	0	0	0	0	0	0	0	0	0	0	0	0	0	0
Contig1_167	Contig1	395867	395976	-	RJF.Contig1.LOC51.MHCY19t	0	0	0.0233	0	0	0	0	0	0	0	0	0	0	0	0	0	0	0	0	0	0	0	0	0	0	0	0
Contig1_132	Contig1	349863	349956	+	RJF.Contig1.LOC43.YLEC18f	0	0	0	0	0	0	0	0	0	0	0	0	0	0	0	0	0	0	0	0	0	0	0	0	0	0	0
Contig1_091	Contig1	274614	274708	-	RJF.Contig1.LOC32.MHCY9i	0	0	0.0465	0.0526	0.0167	0.0769	0.025	0	0.0152	0	0	0	0	0	0.0189	0	0	0.0222	0.0238	0	0	0.189	0.182	0	0	0.0408	0.0357
Contig1_157	Contig1	385111	385355	-	RJF.Contig1.LOC50.MHCY18i	0	0	0.0465	0	0.00833	0.0769	0	0	0	0	0	0	0	0	0.0189	0.0238	0	0.0222	0.00794	0	0	0.027	0.0303	0	0	0.0102	0
Contig1_098	Contig1	286309	286403	-	RJF.Contig1.LOC33.MHCY10t	0	0	0.0465	0.0263	0.0167	0	0	0	0	0	0	0	0	0	0	0	0	0	0	0	0	0	0	0	0	0	0
Contig1_079	Contig1	263609	263691	-	RJF.Contig1.LOC30.MHCY8a	0	0	0	0	0.025	0	0.025	0	0	0	0	0	0	0	0	0	0	0	0.0238	0	0	0	0.0303	0	0	0.0816	0
Contig1_048	Contig1	222938	223063	+	RJF.Contig1.LOC21.MHCY6u	0	0	0	0	0	0	0	0	0	0	0	0	0	0	0	0	0	0	0.00794	0	0	0	0	0	0	0	0
Contig1_073	Contig1	245087	245169	+	RJF.Contig1.LOC27.MHCY7l	0	0	0.744	0.447	0.333	0.103	0.3	0.273	0.0455	0.103	0.0345	0	0.103	0.0417	0.151	0.0714	0.061	0	0.643	0.0256	0.0541	0.0811	0.394	0.0204	0.05	0.653	0.643
Contig1_034	Contig1	191774	191931	-	RJF.Contig1.LOC16.MHCY3h	0	0	0	0	0	0	0	0	0	0	0	0	0	0	0	0	0	0	0	0	0	0	0	0	0	0	0
Contig1_055	Contig1	228401	228689	-	RJF.Contig1.LOC22.YLEC8a	0	0	0	0	0	0	0	0	0	0	0	0	0	0	0	0	0	0	0	0	0	0	0	0	0	0	0.0357
Contig1_072	Contig1	244719	244813	+	RJF.Contig1.LOC27.MHCY7l	0	0	0.0233	0	0	0.0256	0	0	0	0	0	0	0	0	0	0	0	0	0.00794	0	0	0	0	0	0	0	0
Contig2_026	Contig2	32523	32777	+	RJF.Contig2.LOC07.MHCY23m	0	0	0	0.0263	0	0	0	0	0	0	0	0	0	0	0	0	0	0	0	0	0	0	0	0	0	0	0
Contig2_028	Contig2	33422	33505	+	RJF.Contig2.LOC07.MHCY23m	0	0	0	0	0	0	0	0	0	0	0	0	0	0	0	0	0	0	0	0	0	0	0	0	0	0	0
Contig2_008	Contig2	12721	12914	+	RJF.Contig2.LOC04.YLEC21e	0	0	0	0	0	0	0	0	0	0	0	0	0	0	0	0	0	0	0	0	0	0	0	0	0	0	0
Contig2_066	Contig2	99262	99375	-	RJF.Contig2.LOC16.MHCY29v	0	0	0	0	0	0	0	0	0	0	0	0	0	0	0	0	0	0	0	0	0	0	0	0	0	0	0
Contig2_052	Contig2	75683	75921	-	RJF.Contig2.LOC14.MHCY27t	0	0	0	0	0	0	0.025	0	0	0	0	0	0	0	0	0	0	0	0	0	0	0	0.0909	0	0	0	0
Contig2_068	Contig2	105790	106030	-	RJF.Contig2.LOC18.MHCY30h	0	0	0	0	0	0	0	0	0	0	0	0	0	0	0	0	0	0	0	0	0	0	0	0	0	0	0
Contig2_084	Contig2	122454	122611	-	RJF.Contig2.LOC21.MHCY32g	0	0	0	0	0	0	0	0	0	0	0	0	0	0	0	0	0	0	0	0	0	0	0	0	0	0	0
Contig2_077	Contig2	117272	117352	-	RJF.Contig2.LOC19.MHCY31v	0	0	0	0	0	0	0	0	0	0	0	0	0	0	0	0	0	0	0	0	0	0	0	0	0	0	0
Contig2_090	Contig2	142137	142332	-	RJF.Contig2.LOC24.YLEC27a	0	0	0	0	0	0	0	0	0	0	0	0	0	0	0	0	0	0	0	0	0	0	0	0	0	0	0
Contig2_098	Contig2	144637	144721	-	RJF.Contig2.LOC25.YLEC28b	0	0	0.233	0.0526	0.025	0	0.075	0.0152	0	0	0	0	0	0.0208	0.0189	0.0119	0	0	0.0714	0	0	0.027	0	0	0	0.0306	0.143
Contig2_030	Contig2	33713	33870	+	RJF.Contig2.LOC07.MHCY23m	0	0	0	0	0	0	0	0	0	0	0	0	0	0	0	0	0	0	0	0	0	0	0	0	0	0	0
Contig2_057	Contig2	88079	88323	-	RJF.Contig2.LOC15.MHCY28o	0	0	0	0	0	0	0	0	0	0	0	0	0	0	0	0	0	0	0	0	0	0	0	0	0	0	0
Contig2_024	Contig2	30033	30255	+	RJF.Contig2.LOC06.YLEC22f	0	0	0	0	0	0	0	0	0	0	0	0	0	0	0	0	0	0	0	0	0	0	0	0	0	0	0
Contig2_102	Contig2	148066	148270	-	RJF.Contig2.LOC26.YLEC29c	0	0	0	0	0	0	0	0	0	0	0	0	0	0	0	0	0	0	0	0	0	0	0	0	0	0	0
Contig2_072	Contig2	104660	104817	-	RJF.Contig2.LOC18.MHCY30h	0	0	0	0	0	0	0	0	0	0	0	0	0	0	0	0	0	0	0	0	0	0	0	0	0	0	0
Contig2_064	Contig2	99832	99926	-	RJF.Contig2.LOC16.MHCY29v	0	0	0	0	0	0	0	0	0	0	0	0	0	0	0	0	0	0	0	0	0	0	0	0	0	0	0
Contig2_070	Contig2	105063	105145	-	RJF.Contig2.LOC18.MHCY30h	0	0	0	0	0	0	0.025	0	0	0	0	0	0	0	0	0	0	0	0	0	0	0	0	0	0	0.0102	0
Contig2_100	Contig2	143790	144054	-	RJF.Contig2.LOC25.YLEC28b	0	0.0294	0.419	0.105	0.00833	0.0513	0.05	0.0152	0.0152	0	0	0	0	0.0208	0	0	0	0.0222	0.0635	0	0	0.027	0.0909	0	0	0.0306	0.143
Contig2_092	Contig2	141673	141757	-	RJF.Contig2.LOC24.YLEC27a	0	0	0	0	0	0	0	0	0	0	0	0	0	0	0	0	0	0	0	0	0	0	0	0	0	0	0
Contig2_082	Contig2	122857	122939	-	RJF.Contig2.LOC21.MHCY32g	0	0	0	0	0	0	0	0	0	0	0	0	0	0	0	0	0	0	0.00794	0	0	0	0	0	0	0.0204	0
Contig2_032	Contig2	53325	53569	-	RJF.Contig2.LOC11.MHCY25a	0	0	0	0	0	0	0	0	0	0	0	0	0	0	0	0	0	0	0	0	0	0	0	0	0	0.0204	0
Contig2_050	Contig2	62642	62825	-	RJF.Contig2.LOC13.MHCY26i	0	0	0	0	0	0	0	0	0	0	0	0	0	0	0	0	0	0	0	0	0	0	0	0	0	0	0
Contig2_059	Contig2	87355	87434	-	RJF.Contig2.LOC15.MHCY28o	0	0	0	0	0	0	0	0	0	0	0	0	0	0	0	0	0	0	0	0	0	0	0	0	0	0	0
Contig2_088	Contig2	136718	136812	+	RJF.Contig2.LOC23.MHCY33u	0	0	0	0	0	0	0	0	0	0	0	0	0	0	0	0	0	0	0	0	0	0	0	0	0	0	0
Contig2_106	Contig2	146755	147019	-	RJF.Contig2.LOC26.YLEC29c	0	0	0	0	0	0	0	0	0	0	0	0	0	0	0	0	0	0	0	0	0	0	0	0	0	0	0
Contig2_053	Contig2	75312	75406	-	RJF.Contig2.LOC14.MHCY27t	0	0	0	0	0	0	0	0	0	0	0	0	0	0	0	0	0	0	0	0	0	0	0	0	0	0	0
Contig2_013	Contig2	14334	14556	+	RJF.Contig2.LOC04.YLEC21e	0	0	0	0	0	0	0	0	0	0	0	0	0	0	0	0	0	0	0	0	0	0	0	0	0	0	0
Contig2_017	Contig2	17277	17359	-	RJF.Contig2.LOC05.MHCY22s	0	0	0	0	0	0	0	0	0	0	0	0	0	0	0	0	0	0	0	0	0	0	0	0	0	0	0
Contig2_044	Contig2	64494	64619	-	RJF.Contig2.LOC13.MHCY26i	0	0	0	0	0	0	0	0	0	0	0	0	0	0	0	0	0	0	0	0	0	0	0	0	0	0	0
Contig2_093	Contig2	141273	141561	-	RJF.Contig2.LOC24.YLEC27a	0	0	0	0	0	0	0	0	0	0	0	0	0	0	0	0	0	0	0	0	0	0	0	0	0	0	0
Contig2_091	Contig2	141913	142005	-	RJF.Contig2.LOC24.YLEC27a	0	0	0	0	0	0	0	0	0	0	0	0	0	0	0	0	0	0	0	0	0	0	0	0	0	0	0
Contig2_055	Contig2	74744	74853	-	RJF.Contig2.LOC14.MHCY27t	0	0	0	0	0	0	0	0	0	0	0	0	0	0	0	0	0	0	0	0	0	0	0	0	0	0	0
Contig2_033	Contig2	52968	53048	-	RJF.Contig2.LOC11.MHCY25a	0	0	0	0	0.0167	0	0	0	0	0	0	0	0	0	0	0	0	0	0	0	0	0	0	0	0	0.0306	0
Contig2_012	Contig2	13962	14226	+	RJF.Contig2.LOC04.YLEC21e	0	0	0	0	0	0	0	0	0	0	0	0	0	0	0	0	0	0	0	0	0	0	0	0	0	0	0
Contig2_054	Contig2	74956	75038	-	RJF.Contig2.LOC14.MHCY27t	0	0	0	0	0	0	0	0	0	0	0	0	0	0	0	0	0	0	0	0	0	0	0	0	0	0	0
Contig2_069	Contig2	105419	105513	-	RJF.Contig2.LOC18.MHCY30h	0	0	0	0	0	0	0	0	0	0	0	0	0	0	0	0	0	0	0	0	0	0	0	0	0	0	0
Contig2_076	Contig2	117626	117720	-	RJF.Contig2.LOC19.MHCY31v	0	0	0	0	0	0	0	0	0	0	0	0	0	0	0	0	0	0	0	0	0	0	0	0	0	0	0
Contig2_016	Contig2	17633	17727	-	RJF.Contig2.LOC05.MHCY22s	0	0	0	0	0	0	0	0	0	0	0	0	0	0	0	0	0	0	0	0	0	0	0	0	0	0	0
Contig2_081	Contig2	123213	123307	-	RJF.Contig2.LOC21.MHCY32g	0	0	0	0	0	0	0	0	0	0	0	0	0	0	0	0	0	0	0	0	0	0	0	0	0	0	0
Contig2_007	Contig2	4890	5074	-	RJF.Contig2.LOC02.MHCY21e	0	0	0	0	0	0	0	0	0	0	0	0	0	0	0	0	0	0	0	0	0	0	0	0	0	0	0
Contig2_060	Contig2	87139	87252	-	RJF.Contig2.LOC15.MHCY28o	0	0	0	0	0	0	0	0	0	0	0	0	0	0	0	0	0	0	0	0	0	0	0	0	0	0	0
Contig2_009	Contig2	13046	13138	+	RJF.Contig2.LOC04.YLEC21e	0	0	0	0	0	0	0	0	0	0	0	0	0	0	0	0	0	0	0	0	0	0	0	0	0	0	0
Contig2_067	Contig2	106292	106417	-	RJF.Contig2.LOC18.MHCY30h	0	0	0	0	0.00833	0	0	0	0	0	0	0	0	0	0	0	0	0	0	0	0	0	0	0	0	0	0
Contig2_071	Contig2	104851	104960	-	RJF.Contig2.LOC18.MHCY30h	0	0	0	0	0	0	0	0	0	0	0	0	0	0	0	0	0	0	0	0	0	0	0	0	0	0	0
Contig2_014	Contig2	18506	18631	-	RJF.Contig2.LOC05.MHCY22s	0	0	0	0	0.00833	0	0	0	0	0	0	0	0	0	0	0	0	0	0	0	0	0	0	0	0	0	0
Contig2_047	Contig2	63264	63343	-	RJF.Contig2.LOC13.MHCY26i	0	0	0	0	0	0	0	0	0	0	0	0	0	0	0	0	0	0	0	0	0	0	0	0	0	0	0
Contig2_065	Contig2	99478	99558	-	RJF.Contig2.LOC16.MHCY29v	0	0	0	0	0	0	0	0	0	0	0	0	0	0	0	0	0	0	0	0	0	0	0	0	0	0	0
Contig2_036	Contig2	52207	52362	-	RJF.Contig2.LOC11.MHCY25a	0	0	0	0	0	0	0	0	0	0	0	0	0	0	0	0	0	0	0	0	0	0	0	0	0	0	0
Contig2_003	Contig2	5871	5965	-	RJF.Contig2.LOC02.MHCY21e	0	0	0	0	0	0	0	0	0	0	0	0	0	0	0	0	0	0	0	0	0	0	0	0	0	0	0
Contig2_010	Contig2	13294	13377	+	RJF.Contig2.LOC04.YLEC21e	0	0	0	0	0	0	0	0	0	0	0	0	0	0	0	0	0	0	0	0	0	0	0	0	0	0	0
Contig2_005	Contig2	5299	5412	-	RJF.Contig2.LOC02.MHCY21e	0	0	0	0	0	0	0	0	0	0	0	0	0	0	0	0	0	0	0	0	0	0	0	0	0	0	0
Contig2_001	Contig2	6748	6873	-	RJF.Contig2.LOC02.MHCY21e	0	0	0	0	0	0	0	0	0	0	0	0	0	0	0	0	0.0122	0	0	0	0	0	0	0	0	0.0204	0
Contig2_015	Contig2	18004	18244	-	RJF.Contig2.LOC05.MHCY22s	0	0	0	0	0	0	0	0	0	0	0	0	0	0	0	0	0	0	0	0	0	0	0	0	0	0	0
Contig2_031	Contig2	53831	53956	-	RJF.Contig2.LOC11.MHCY25a	0	0	0	0	0.00833	0	0	0	0	0	0	0	0	0	0	0	0	0	0	0	0	0	0	0	0	0	0
Contig2_080	Contig2	123584	123838	-	RJF.Contig2.LOC21.MHCY32g	0	0	0.0233	0.0263	0.117	0.0256	0.025	0.0455	0.0455	0.0345	0.0345	0	0	0.0208	0.0755	0.0119	0.0244	0.0222	0.27	0	0.0541	0.027	0.0303	0	0	0.296	0.286
Contig2_025	Contig2	32136	32261	+	RJF.Contig2.LOC07.MHCY23m	0	0	0	0	0	0	0	0	0	0	0	0	0	0	0	0	0	0	0	0	0	0	0	0	0	0	0
Contig2_099	Contig2	144237	144525	-	RJF.Contig2.LOC25.YLEC28b	0.0351	0.0294	2.44	0.947	0.0917	0.231	0.6	0.0303	0	0.0345	0	0	0	0.104	0.113	0.0119	0.0122	0.0444	0.222	0.308	0.216	0.297	0.364	0.0612	0.0333	0.245	0.393
Contig2_089	Contig2	137086	137167	+	RJF.Contig2.LOC23.MHCY33u	0	0	0	0	0	0	0	0	0	0	0	0	0	0	0	0	0	0	0	0	0	0	0	0	0	0	0
Contig2_027	Contig2	33054	33148	+	RJF.Contig2.LOC07.MHCY23m	0	0	0	0	0	0	0	0	0	0	0	0	0	0	0	0	0	0	0	0	0	0	0	0	0	0	0
Contig2_095	Contig2	140506	140728	-	RJF.Contig2.LOC24.YLEC27a	0	0	0	0	0	0	0	0	0	0	0	0	0	0	0	0	0	0	0	0	0	0	0	0	0	0	0
Contig2_058	Contig2	87708	87802	-	RJF.Contig2.LOC15.MHCY28o	0	0	0	0.0263	0	0	0	0	0	0	0	0	0	0	0	0	0	0	0	0.0256	0	0	0	0	0	0	0
Contig2_022	Contig2	29182	29478	+	RJF.Contig2.LOC06.YLEC22f	0	0	0	0	0	0	0	0	0	0	0	0	0	0	0	0	0	0	0	0	0	0	0	0	0	0	0
Contig2_104	Contig2	147602	147686	-	RJF.Contig2.LOC26.YLEC29c	0	0	0	0	0	0	0	0	0	0	0	0	0	0	0	0	0	0	0	0	0	0	0	0	0	0	0
Contig2_043	Contig2	59262	59484	+	RJF.Contig2.LOC12.YLEC23g	0	0	0	0	0	0	0	0	0	0	0	0	0	0	0	0	0	0	0	0	0	0	0	0	0	0	0
Contig2_097	Contig2	144877	144969	-	RJF.Contig2.LOC25.YLEC28b	0	0	0.0233	0	0	0	0	0	0	0	0	0	0	0	0	0	0	0	0	0	0	0	0	0	0	0	0
Contig2_002	Contig2	6242	6486	-	RJF.Contig2.LOC02.MHCY21e	0	0	0	0	0	0	0	0	0	0	0	0	0	0	0	0	0	0	0	0	0	0	0	0	0	0	0
Contig2_038	Contig2	57640	57835	+	RJF.Contig2.LOC12.YLEC23g	0	0	0	0	0	0	0	0	0	0	0	0	0	0	0	0	0	0	0	0	0	0	0	0	0	0	0
Contig2_105	Contig2	147202	147490	-	RJF.Contig2.LOC26.YLEC29c	0	0	0	0	0	0	0	0	0	0	0	0	0	0	0	0	0	0	0	0	0	0	0	0	0	0	0
Contig2_021	Contig2	28992	29076	+	RJF.Contig2.LOC06.YLEC22f	0	0	0	0	0	0	0	0	0	0	0	0	0	0	0	0	0	0	0	0	0	0	0	0	0	0	0
Contig2_045	Contig2	63988	64232	-	RJF.Contig2.LOC13.MHCY26i	0	0	0	0	0	0	0	0	0	0	0	0	0	0	0	0	0	0	0	0	0	0	0	0	0	0	0
Contig2_020	Contig2	28740	28833	+	RJF.Contig2.LOC06.YLEC22f	0	0	0	0	0	0	0	0	0	0	0	0	0	0	0	0	0	0	0	0	0	0	0	0	0	0	0
Contig2_086	Contig2	135810	135935	+	RJF.Contig2.LOC23.MHCY33u	0	0	0	0	0	0	0	0	0	0	0	0	0	0	0	0	0	0	0	0	0	0	0	0	0	0	0
Contig2_101	Contig2	143460	143682	-	RJF.Contig2.LOC25.YLEC28b	0	0	0.0465	0	0	0	0	0	0	0	0	0	0	0	0.0189	0	0	0	0	0	0	0	0.0303	0	0	0	0
Contig2_107	Contig2	146425	146647	-	RJF.Contig2.LOC26.YLEC29c	0	0	0	0	0	0	0	0	0	0	0	0	0	0	0	0	0	0	0	0	0	0	0	0	0	0	0
Contig2_004	Contig2	5515	5597	-	RJF.Contig2.LOC02.MHCY21e	0	0	0	0	0	0	0	0	0	0	0	0	0	0	0	0	0	0	0	0	0	0	0	0	0	0	0
Contig2_029	Contig2	33608	33676	+	RJF.Contig2.LOC07.MHCY23m	0	0	0	0	0	0	0	0	0	0	0	0	0	0	0	0	0	0	0	0	0	0	0	0	0	0	0
Contig2_039	Contig2	57967	58062	+	RJF.Contig2.LOC12.YLEC23g	0	0	0	0	0	0	0	0	0	0	0	0	0	0	0	0	0	0	0	0	0	0	0	0	0	0	0
Contig2_056	Contig2	88585	88710	-	RJF.Contig2.LOC15.MHCY28o	0	0	0	0	0	0	0	0	0	0	0	0	0	0	0	0	0	0	0	0	0	0	0	0	0	0	0
Contig2_062	Contig2	100709	100834	-	RJF.Contig2.LOC16.MHCY29v	0	0	0	0	0	0	0	0	0	0	0	0	0	0	0	0	0	0	0	0	0	0	0	0	0	0	0
Contig2_049	Contig2	62859	63016	-	RJF.Contig2.LOC13.MHCY26i	0	0	0	0	0	0	0	0	0	0	0	0	0	0	0	0	0	0	0	0	0	0	0	0	0	0	0
Contig2_006	Contig2	5108	5265	-	RJF.Contig2.LOC02.MHCY21e	0	0	0	0	0	0	0	0	0	0	0	0	0	0	0	0	0	0	0	0	0	0	0	0	0	0	0
Contig2_073	Contig2	104455	104626	-	RJF.Contig2.LOC18.MHCY30h	0	0	0	0	0	0	0	0	0	0	0	0	0	0	0	0	0	0	0	0	0	0	0	0	0	0	0
Contig2_061	Contig2	86948	87105	-	RJF.Contig2.LOC15.MHCY28o	0	0	0	0	0	0	0	0	0	0	0	0	0	0	0	0	0	0	0	0	0	0	0	0	0	0	0
Contig2_037	Contig2	51989	52173	-	RJF.Contig2.LOC11.MHCY25a	0	0	0	0	0	0	0	0	0	0	0	0	0	0	0	0	0	0	0	0	0	0	0	0	0	0	0
Contig2_034	Contig2	52612	52694	-	RJF.Contig2.LOC11.MHCY25a	0	0	0	0	0	0	0	0	0	0	0	0	0	0	0	0	0	0	0	0	0	0	0	0	0	0	0
Contig2_042	Contig2	58890	59154	+	RJF.Contig2.LOC12.YLEC23g	0	0	0	0	0.00833	0	0	0	0	0	0	0	0	0	0	0	0	0	0	0	0	0	0	0	0	0	0
Contig2_046	Contig2	63617	63711	-	RJF.Contig2.LOC13.MHCY26i	0	0	0	0	0.00833	0	0	0	0	0	0	0	0	0	0	0	0	0	0	0	0	0	0	0	0	0	0
Contig2_075	Contig2	117997	118241	-	RJF.Contig2.LOC19.MHCY31v	0	0	0	0	0	0	0	0	0	0	0	0	0	0	0	0	0	0	0	0	0	0	0	0	0	0	0
Contig2_035	Contig2	52396	52509	-	RJF.Contig2.LOC11.MHCY25a	0	0	0	0	0	0	0	0	0.0152	0	0	0	0	0	0	0	0	0	0.00794	0	0	0	0	0	0	0.0102	0
Contig2_103	Contig2	147842	147934	-	RJF.Contig2.LOC26.YLEC29c	0	0	0	0	0	0	0	0	0	0	0	0	0	0	0	0	0	0	0	0	0	0	0	0	0	0	0
Contig2_074	Contig2	118503	118628	-	RJF.Contig2.LOC19.MHCY31v	0	0	0	0	0	0	0	0	0	0	0	0	0	0	0	0	0	0	0	0	0	0	0	0	0	0	0
Contig2_094	Contig2	140836	141090	-	RJF.Contig2.LOC24.YLEC27a	0	0	0	0	0	0	0	0	0	0	0	0	0	0	0	0	0	0	0	0	0	0	0	0	0	0	0
Contig2_085	Contig2	122249	122420	-	RJF.Contig2.LOC21.MHCY32g	0	0	0	0	0	0	0	0	0	0	0	0	0	0	0	0	0	0	0	0	0	0	0	0	0	0	0
Contig2_096	Contig2	145101	145296	-	RJF.Contig2.LOC25.YLEC28b	0	0	0	0	0	0	0	0	0	0	0	0	0	0	0	0	0	0	0	0	0	0	0	0	0	0	0
Contig2_011	Contig2	13483	13779	+	RJF.Contig2.LOC04.YLEC21e	0	0	0	0	0	0	0	0	0	0	0	0	0	0	0	0	0	0	0	0	0	0	0	0	0	0	0
Contig2_023	Contig2	29661	29925	+	RJF.Contig2.LOC06.YLEC22f	0	0	0	0	0	0	0	0	0	0	0	0	0	0	0	0	0	0	0	0	0	0	0	0	0	0	0
Contig2_041	Contig2	58411	58707	+	RJF.Contig2.LOC12.YLEC23g	0	0	0	0	0	0	0	0	0	0	0	0	0	0	0	0	0	0	0	0	0	0	0	0	0	0	0
Contig2_078	Contig2	117056	117169	-	RJF.Contig2.LOC19.MHCY31v	0	0	0	0	0	0	0	0	0	0	0	0	0	0	0	0	0	0	0	0	0	0	0	0	0	0	0
Contig2_079	Contig2	124100	124225	-	RJF.Contig2.LOC21.MHCY32g	0.105	0.265	6.6	4.66	2.78	2.46	4.92	0.485	0.53	0.31	0.586	0.133	0.241	1.65	3.79	0.44	0.402	0.733	8.32	2.05	0.865	3.32	7.18	0.143	0.283	10.2	6.79
Contig2_040	Contig2	58221	58305	+	RJF.Contig2.LOC12.YLEC23g	0	0	0	0	0	0	0	0	0	0	0	0	0	0	0	0	0	0	0	0	0	0	0	0	0	0	0
Contig2_019	Contig2	28419	28608	+	RJF.Contig2.LOC06.YLEC22f	0	0	0	0	0	0	0	0	0	0	0	0	0	0	0	0	0	0	0	0	0	0	0	0	0	0	0
Contig2_063	Contig2	100203	100447	-	RJF.Contig2.LOC16.MHCY29v	0	0	0	0	0	0	0	0	0	0	0	0	0	0	0	0	0	0	0	0	0	0	0	0	0	0	0
Contig2_048	Contig2	63050	63161	-	RJF.Contig2.LOC13.MHCY26i	0	0	0	0	0	0	0	0	0	0	0	0	0	0	0	0	0	0	0	0	0	0	0	0	0	0	0
Contig2_087	Contig2	136197	136441	+	RJF.Contig2.LOC23.MHCY33u	0	0	0	0	0	0	0	0	0	0	0	0	0	0	0	0	0	0	0	0	0	0	0	0	0	0	0
Contig2_018	Contig2	17065	17174	-	RJF.Contig2.LOC05.MHCY22s	0	0	0	0	0	0	0	0	0	0	0	0	0	0	0	0	0	0	0	0	0	0	0	0	0	0	0
Contig2_051	Contig2	76183	76308	-	RJF.Contig2.LOC14.MHCY27t	0	0	0	0	0	0	0	0	0	0	0	0	0	0	0	0	0	0	0	0	0	0	0	0	0	0	0
Contig2_083	Contig2	122645	122754	-	RJF.Contig2.LOC21.MHCY32g	0	0	0	0	0	0	0	0	0	0	0	0	0	0	0	0	0	0	0	0	0	0	0	0	0	0	0
Contig3_015	Contig3	53780	54011	-	RJF.Contig3.LOC09.MHCY2B7c	0	0	0	0	0	0	0	0	0	0	0	0	0	0	0	0	0	0	0	0	0	0	0	0	0	0	0.0357
Contig3_018	Contig3	52843	52929	-	RJF.Contig3.LOC09.MHCY2B7c	0	0	0	0	0	0	0	0	0	0	0	0	0	0	0	0	0	0	0	0	0	0	0	0	0	0	0
Contig3_019	Contig3	52732	52818	-	RJF.Contig3.LOC09.MHCY2B7c	0	0	0	0	0.00833	0	0	0	0	0	0	0	0	0	0.0189	0	0	0	0.00794	0	0	0	0	0	0	0.0102	0
Contig3_038	Contig3	88033	88152	+	RJF.Contig3.LOC14.MHCY37c	0.316	0.338	3.07	2.39	8.47	1.74	4.33	1.27	1.17	1.1	1.14	0	0.586	3.67	10.2	1.33	0.89	1.96	36.4	17.6	4.46	0.784	1.52	0.429	0.45	16	35.2
Contig3_006	Contig3	7377	7488	+	RJF.Contig3.LOC02.MHCY34b	0.0702	0.132	1.4	1.76	2.45	2.59	3.45	0.848	0.848	0.69	0.897	0	0	0.458	1.25	0.583	0.402	0.689	9.63	1	0.486	1.92	3.24	1.78	1.43	4.35	4.07
Contig3_021	Contig3	62765	63030	-	RJF.Contig3.LOC10.MHCY35k	0.0877	0.176	3.84	3.26	0.467	1.62	1.73	1.17	0.667	0.345	0.448	0.333	0.828	0.312	0.811	0.548	0.659	2.04	1.73	0.385	0.324	0.73	2.52	0.429	0.717	0.429	0.929
Contig3_037	Contig3	77623	77780	+	RJF.Contig3.LOC13.MHCY36w	0.0175	0.0147	1.12	0.789	0.25	0.179	0.425	0.288	0.0758	0.172	0.172	0.0667	0.069	0.271	0.358	0.0833	0.0488	0.0667	0.722	0.154	0.135	0.676	0.697	0.0408	0.0167	0.357	0.429
Contig3_017	Contig3	53041	53123	-	RJF.Contig3.LOC09.MHCY2B7c	0	0	0	0	0.00833	0	0	0	0	0	0	0	0	0	0	0	0	0	0.0397	0	0	0	0	0	0.0167	0.0102	0.0714
Contig3_050	Contig3	101841	101998	-	RJF.Contig3.LOC16.MHCY38j	0	0.0882	1	0.605	1.23	0.154	0.65	0.197	0.167	0.138	0.241	0	0.103	0.375	0.849	0.238	0.256	0.133	3.73	0.256	0.216	0.676	1.12	0.0408	0.117	3.27	2.32
Contig3_040	Contig3	88935	89029	+	RJF.Contig3.LOC14.MHCY37c	2.56	4.19	64.6	45.8	17.5	47.9	75.5	1.95	1.94	1	1.72	1.33	8.62	17	24	2.05	1.65	30	119	38.9	34.8	87.5	112	3.24	2.6	30.6	46.2
Contig3_055	Contig3	131436	131690	-	RJF.Contig3.LOC21.MHCY40l	0	0	0.0233	0	0.0167	0	0	0	0	0	0	0	0	0	0	0	0	0	0	0	0.027	0.027	0.0303	0	0	0.0102	0
Contig3_026	Contig3	65554	65749	+	RJF.Contig3.LOC11.YLEC34h	0	0	0	0	0	0	0	0	0	0	0	0	0.448	0	0	0	0	0	0	0	0	0.0541	0	0	0	0.0714	0
Contig3_013	Contig3	45778	46409	+	RJF.Contig3.LOC08.ZNFY4a	0	0	0	0	0.00833	0	0	0.0303	0.0152	0	0.0345	0	0	0	0	0.0357	0.0244	0	0.0159	0	0	0	0	0	0	0	0
Contig3_049	Contig3	102032	102126	-	RJF.Contig3.LOC16.MHCY38j	0.0175	0.0147	0.674	0.263	1.17	0.103	0.275	0.167	0.227	0.241	0.345	0	0.172	0.146	0.66	0.286	0.232	0.0889	3.52	0.179	0.189	0.486	0.848	0.0816	0.0333	2.84	2.21
Contig3_024	Contig3	61815	61935	-	RJF.Contig3.LOC10.MHCY35k	0	0	0.419	0.474	0.317	0.231	0.125	0.848	0.364	0.448	0.483	0	0.069	0.271	0.17	0.333	0.378	0.222	1.5	0.0513	0.0541	0	0.242	0.204	0.117	0.398	0.75
Contig3_056	Contig3	131065	131159	-	RJF.Contig3.LOC21.MHCY40l	0.0175	0	0.093	0.105	0.00833	0.128	0.075	0.0455	0.0152	0	0	0	0	0.0417	0.0189	0	0.0122	0	0.0317	0	0	0.0811	0.0909	0.0204	0	0	0
Contig3_052	Contig3	111143	111268	+	RJF.Contig3.LOC18.MHCY39r	0	0.0147	1.23	0.763	0.867	0.231	0.375	0.136	0.0909	0.207	0.069	0	0.0345	0.917	1.23	0.179	0.0732	0.111	1.38	0.308	0.162	1	0.97	0.184	0.117	3.88	1.61
Contig3_051	Contig3	101635	101807	-	RJF.Contig3.LOC16.MHCY38j	0.0351	0.103	1.19	0.763	1.53	0.282	0.8	0.242	0.258	0.207	0.31	0.0667	0.103	0.562	1.06	0.286	0.317	0.178	4.74	0.359	0.135	0.973	1.06	0.0408	0.15	3.99	2.36
Contig3_043	Contig3	89633	89789	+	RJF.Contig3.LOC14.MHCY37c	1.09	1.94	16.5	12	15.1	11.9	21.9	1.58	1.09	1.1	2.03	1.4	2.41	8.27	9.19	1.43	0.854	7.91	90.8	19.7	13	23.1	20	0.918	1.3	23.1	43.7
Contig3_007	Contig3	7522	7679	+	RJF.Contig3.LOC02.MHCY34b	0.0351	0.25	3.49	2.84	1.57	4.46	6.7	0.515	0.576	0.483	0.621	0	0.724	0.979	2.19	0.417	0.317	2.27	6.44	1.41	1.3	3.3	6.67	2.78	2.97	2.76	2.54
Contig3_057	Contig3	130709	130791	-	RJF.Contig3.LOC21.MHCY40l	0	0.0147	0.791	0.368	0.4	0.179	0.425	0.485	0.227	0.241	0.138	0.0667	0.103	0.167	0.264	0.214	0.11	0.0444	0.944	0.128	0	0.297	0.242	0.0816	0.133	0.622	0.679
Contig3_002	Contig3	5919	6044	+	RJF.Contig3.LOC02.MHCY34b	0.0877	0.206	3.26	3.05	2.41	3.79	5.62	1.03	0.758	0.448	0.828	0	0.103	1.25	2.64	0.571	0.5	1.96	5.29	2.38	0.811	1.97	3.55	3.31	2.77	3.97	4.14
Contig3_041	Contig3	89303	89383	+	RJF.Contig3.LOC14.MHCY37c	1	1.93	12	9.53	11.8	9.23	17.9	1.14	1.3	0.828	1.38	1.07	4.03	6.19	8.6	1.32	0.805	9.2	65.5	14.9	10.7	16.6	18.2	0.653	0.983	21.7	39.5
Contig3_045	Contig3	103459	103584	-	RJF.Contig3.LOC16.MHCY38j	0	0	0.0233	0.0263	0.275	0.0256	0	0.136	0.106	0.172	0.276	0	0	0.0208	0.434	0.143	0.0732	0.0667	0.619	0.179	0	0.027	0.0909	0.0408	0	0.643	0.964
Contig3_030	Contig3	66796	67060	+	RJF.Contig3.LOC11.YLEC34h	0	0	0.0698	0	0.05	0	0	0.0152	0.0152	0	0	0	0.138	0.0833	0.0377	0	0	0	0.0159	0	0	0	0	0.0408	0.0667	0.551	0.143
Contig3_005	Contig3	7195	7274	+	RJF.Contig3.LOC02.MHCY34b	0	0.103	1.16	1.16	2.1	1.69	2.42	0.727	1.03	0.448	0.759	0.0667	0.138	0.521	1.3	0.548	0.378	0.6	8.34	1.05	0.324	0.622	1.85	1.78	0.95	3.99	3.64
Contig3_016	Contig3	53403	53509	-	RJF.Contig3.LOC09.MHCY2B7c	0	0	0	0	0	0	0	0	0	0	0	0	0	0	0	0	0	0	0.00794	0	0	0	0	0	0	0.0102	0
Contig3_033	Contig3	76405	76649	+	RJF.Contig3.LOC13.MHCY36w	0.0175	0.0882	4.84	3.24	0.492	1.41	1.7	0.348	0.0909	0.172	0.0345	0.133	0.379	0.833	1.28	0.0476	0.0732	0.333	1.15	0.436	0.27	1.97	3.97	0.0612	0.05	1.53	0.5
Contig3_059	Contig3	130291	130452	-	RJF.Contig3.LOC21.MHCY40l	0	0.0147	0.256	0.263	0.15	0.0256	0.025	0.197	0.182	0.0345	0.0345	0	0.0345	0	0.132	0.0952	0.146	0.0667	0.357	0	0	0.108	0.394	0	0.0667	0.184	0.107
Contig3_012	Contig3	45474	45650	+	RJF.Contig3.LOC08.ZNFY4a	0.0702	0.0588	0.0698	0.0263	0.142	0.0769	0.225	0.152	0.303	0.483	0.276	0	0.0345	0.208	0.189	0.333	0.256	0.0222	0.262	0.0769	0.108	0.324	0.121	0.0408	0.0333	0.153	0.0357
Contig3_047	Contig3	102582	102676	-	RJF.Contig3.LOC16.MHCY38j	0.0702	0.529	19.7	12.4	1.88	7.62	10.3	0.318	0.303	0.379	0.483	0.0667	2.66	2.48	4.83	0.381	0.293	2.51	5.94	2.46	2.19	17.5	26.9	0.347	0.617	4.83	3.07
Contig3_008	Contig3	7713	7896	+	RJF.Contig3.LOC02.MHCY34b	0.0526	0.235	4.86	4.42	1.56	6.46	9.43	0.409	0.727	0.552	0.621	0.133	0.862	1.17	2.98	0.357	0.39	3.09	6.67	1.74	1.54	4.97	8.45	3.45	3.5	2.77	2.5
Contig3_035	Contig3	77294	77373	+	RJF.Contig3.LOC13.MHCY36w	0	0.0588	1.07	0.632	0.542	0.308	0.525	0.439	0.0909	0.241	0.138	0	0.207	0.312	0.377	0.0952	0.0244	0.0667	1.2	0.128	0.108	0.324	0.758	0.0612	0.0333	1.19	0.929
Contig3_048	Contig3	102229	102308	-	RJF.Contig3.LOC16.MHCY38j	0	0.0882	1.26	0.789	1.33	0.487	1.07	0.273	0.273	0.138	0.241	0.133	0.379	0.625	0.943	0.357	0.244	0.178	3.73	0.385	0.27	0.865	1.58	0.102	0.0333	3.42	1.89
Contig3_014	Contig3	46509	46613	+	RJF.Contig3.LOC08.ZNFY4a	0	0	0	0	0.025	0	0	0	0.0303	0	0.0345	0	0	0	0	0.0238	0.0366	0	0.0476	0	0	0	0	0	0.0167	0	0.0357
Contig3_039	Contig3	88414	88658	+	RJF.Contig3.LOC14.MHCY37c	1.6	2.75	31.3	26.3	12.2	29.1	39.8	1.39	1.67	1.31	1.45	1.27	6.59	7.52	12.2	1.56	1.16	21.6	67.1	18.6	21.7	45.2	69.4	1.55	1.67	23.5	34.6
Contig3_042	Contig3	89486	89599	+	RJF.Contig3.LOC14.MHCY37c	1.16	2.28	17.5	13.2	15.7	11.9	25.4	1.64	1.59	1.21	2.21	1.53	2.38	9.1	10.6	1.48	1	9.56	92.3	21.7	13.6	23.3	24.1	0.837	1.25	23.9	46.4
Contig3_023	Contig3	62038	62120	-	RJF.Contig3.LOC10.MHCY35k	0	0.0147	0.419	0.132	0.533	0.231	0.075	1.02	0.394	0.655	0.586	0.0667	0	0.208	0.264	0.393	0.402	0.0889	1.6	0.154	0.0811	0	0.182	0.143	0.2	0.429	1.07
Contig3_004	Contig3	6827	6921	+	RJF.Contig3.LOC02.MHCY34b	0.0877	0.647	10.1	8.24	3.02	15.1	18.3	0.879	1.11	0.483	0.931	0.133	0.69	2.19	4.19	0.679	0.598	4.58	11.6	3.26	2.38	8.84	18.3	5.92	5.25	4.61	4.82
Contig3_034	Contig3	76926	77020	+	RJF.Contig3.LOC13.MHCY36w	0.0351	0.221	17.8	11	0.608	3.13	3.67	0.424	0.0758	0.241	0.069	0.267	0.621	1.62	1.62	0.131	0.0732	1.44	1.59	0.436	0.892	7.46	15	0.0612	0.167	1.32	1.11
Contig3_053	Contig3	111530	111775	+	RJF.Contig3.LOC18.MHCY39r	0.193	0.456	47.2	34.5	1.67	13.8	9.93	0.5	0.318	0.241	0.172	0	2.86	6.25	7.26	0.357	0.183	6.8	2.29	2.33	3.62	44.6	79.4	0.878	0.917	7.67	2.46
Contig3_025	Contig3	61620	61781	-	RJF.Contig3.LOC10.MHCY35k	0.0175	0.0588	0.907	0.579	0.3	0.487	0.4	0.97	0.424	0.345	0.69	0	0.103	0.438	0.245	0.369	0.415	0.311	1.6	0.179	0.0541	0.162	0.576	0.184	0.15	0.265	0.679
Contig3_003	Contig3	6306	6550	+	RJF.Contig3.LOC02.MHCY34b	0.14	0.368	11	9.21	1.87	16.7	14.9	0.788	0.667	0.414	0.414	0.467	1.24	1.79	4.15	0.571	0.39	5.16	5.79	2.74	2.05	11.8	23.5	5.22	4.95	3.61	2.79
Contig3_044	Contig3	89823	90007	+	RJF.Contig3.LOC14.MHCY37c	2.56	3.79	36.3	24.6	16.8	26.4	57.5	1.65	1.42	1.14	1.76	1.2	5.24	18.1	19.9	1.83	1.23	16	106	44.4	28.7	59.9	43.3	1.71	2.02	31	51.2
Contig3_032	Contig3	76018	76143	+	RJF.Contig3.LOC13.MHCY36w	0	0	0.209	0.0263	0.0167	0.0513	0.05	0.0152	0	0	0.0345	0	0	0.0208	0.0377	0.0119	0	0.0222	0.0794	0.0513	0	0.0811	0	0	0	0.0204	0
Contig3_022	Contig3	62394	62488	-	RJF.Contig3.LOC10.MHCY35k	0.0351	0.0441	1.7	1.63	0.575	0.59	0.75	1.42	0.485	0.586	0.966	0.2	0.276	0.25	0.491	0.5	0.622	0.489	2.17	0.154	0.027	0.595	1.21	0.286	0.467	0.449	0.893
Contig3_027	Contig3	65881	65973	+	RJF.Contig3.LOC11.YLEC34h	0	0	0.0698	0	0.025	0.0513	0	0	0	0	0	0	0.0345	0.0417	0	0.0119	0	0	0.0159	0	0.0541	0	0.0303	0	0.05	0.153	0.0357
Contig3_054	Contig3	131952	132077	-	RJF.Contig3.LOC21.MHCY40l	0	0	0	0	0	0	0	0	0.0152	0	0	0	0	0	0	0	0	0	0.00794	0	0	0	0	0	0	0	0
Contig3_058	Contig3	130486	130606	-	RJF.Contig3.LOC21.MHCY40l	0	0	0.302	0.368	0.475	0.231	0.225	0.5	0.364	0.207	0.103	0.0667	0.069	0.0417	0.17	0.31	0.0976	0.0444	1.3	0.0769	0	0.27	0.333	0.0408	0.0667	0.531	0.714
Contig3_001	Contig3	216	438	+	RJF.Contig3.LOC01.YLEC30partial	0	0	0	0	0	0	0	0	0	0	0	0	0	0	0	0	0	0	0	0	0	0	0	0	0	0	0
Contig3_029	Contig3	66325	66613	+	RJF.Contig3.LOC11.YLEC34h	0.0175	0	0	0	0.0417	0	0.025	0.0152	0.0152	0	0	0	0.069	0	0.0189	0.0238	0.0244	0	0.00794	0	0	0.0541	0.0303	0.143	0.0333	0.694	0.214
Contig3_031	Contig3	67168	67390	+	RJF.Contig3.LOC11.YLEC34h	0	0	0.0465	0	0.0333	0.0513	0	0.0152	0	0	0	0	0.241	0.0208	0.0189	0	0.0122	0	0.0556	0	0	0	0.0303	0.0408	0.05	0.388	0.25
Contig3_036	Contig3	77476	77589	+	RJF.Contig3.LOC13.MHCY36w	0.0175	0.0882	1.53	1.21	0.342	0.385	0.65	0.318	0.0606	0.207	0.103	0.0667	0.103	0.458	0.415	0.143	0.0244	0.222	0.952	0.0769	0.0811	0.811	1.21	0.0204	0	0.418	0.464
Contig3_011	Contig3	22165	22269	-	RJF.Contig3.LOC04.ZNFY3b	0.0175	0.0294	0.116	0.0263	0.15	0.0769	0.25	0.0455	0.212	0.207	0.069	0	0.069	0.0208	0.132	0.155	0.146	0.0444	0.175	0.0256	0.0541	0.135	0.303	0.122	0.167	0.133	0.0714
Contig3_020	Contig3	63292	63417	-	RJF.Contig3.LOC10.MHCY35k	0	0	0.0465	0	0.025	0	0	0.348	0.182	0.069	0.103	0	0	0.0208	0.0566	0.119	0.183	0	0.159	0.0513	0	0	0	0.0408	0.05	0.0306	0.179
Contig3_009	Contig3	23128	23304	-	RJF.Contig3.LOC04.ZNFY3b	0	0	0	0	0.025	0	0	0.0152	0.0758	0	0.0345	0	0	0	0	0.0238	0.061	0	0.0397	0	0	0	0	0	0	0.0204	0
Contig3_028	Contig3	66129	66213	+	RJF.Contig3.LOC11.YLEC34h	0	0	0	0	0.025	0	0	0	0	0	0	0	0.0345	0	0	0.0238	0	0	0.0159	0	0	0	0	0.0408	0	0.153	0.0714
Contig3_046	Contig3	102953	103197	-	RJF.Contig3.LOC16.MHCY38j	0.0877	0.265	8.98	5.87	1.69	3.49	4.72	0.455	0.409	0.241	0.241	0.2	1	1.29	2.42	0.429	0.28	1	4.33	1.05	1.46	9.19	14.8	0.265	0.3	4.49	1.93
Contig3_010	Contig3	22369	23000	-	RJF.Contig3.LOC04.ZNFY3b	0	0	0	0	0.0417	0	0.025	0.0303	0.0152	0.0345	0.069	0	0	0	0	0.0119	0.0732	0	0.0476	0	0	0	0	0.0612	0.0167	0.0306	0.107
Contig4_023	Contig4	35038	35302	+	RJF.Contig4.LOC06.YLEC41f	0	0	0	0	0	0	0	0	0	0	0	0	0	0	0	0	0	0	0	0	0	0	0	0	0	0	0
Contig4_019	Contig4	33796	33985	+	RJF.Contig4.LOC06.YLEC41f	0	0	0	0	0	0	0	0	0	0	0	0	0	0	0	0	0	0	0	0	0	0	0	0	0	0	0
Contig4_017	Contig4	22832	22914	-	RJF.Contig4.LOC05.MHCY42s	0	0	0	0	0	0	0	0	0	0	0	0	0	0	0	0	0	0	0	0	0	0	0	0	0	0	0
Contig4_028	Contig4	39540	39623	+	RJF.Contig4.LOC08.MHCY44n	0	0	0	0	0	0	0	0	0	0	0	0	0	0	0	0	0	0	0	0	0	0	0	0	0	0	0
Contig4_013	Contig4	19889	20111	+	RJF.Contig4.LOC04.YLEC40e	0	0	0	0	0	0	0	0	0	0	0	0	0	0	0	0	0	0	0	0	0	0	0	0	0	0	0
Contig4_015	Contig4	23559	23799	-	RJF.Contig4.LOC05.MHCY42s	0	0	0	0	0	0	0	0	0	0	0	0	0	0	0	0	0	0	0	0	0	0	0	0	0	0	0
Contig4_004	Contig4	11069	11151	-	RJF.Contig4.LOC02.MHCY41e	0	0	0	0	0	0	0	0	0	0	0	0	0	0	0	0	0	0	0	0	0	0	0	0	0	0	0
Contig4_016	Contig4	23188	23282	-	RJF.Contig4.LOC05.MHCY42s	0	0	0	0	0	0	0	0	0	0	0	0	0	0	0	0	0	0	0	0	0	0	0	0	0	0	0
Contig4_011	Contig4	19038	19334	+	RJF.Contig4.LOC04.YLEC40e	0	0	0	0	0	0	0	0	0	0	0	0	0	0	0	0	0	0	0	0	0	0	0	0	0	0	0
Contig4_021	Contig4	34369	34453	+	RJF.Contig4.LOC06.YLEC41f	0	0	0	0	0	0	0	0	0	0	0	0	0	0	0	0	0	0	0	0	0	0	0	0	0	0	0
Contig4_002	Contig4	11796	12040	-	RJF.Contig4.LOC02.MHCY41e	0	0	0	0	0	0	0	0	0	0	0	0	0	0	0	0	0	0	0	0	0	0	0	0	0	0	0
Contig4_024	Contig4	35410	35632	+	RJF.Contig4.LOC06.YLEC41f	0	0	0	0	0	0	0	0	0	0	0	0	0	0	0	0	0	0	0	0	0	0	0	0	0	0	0
Contig4_008	Contig4	18275	18468	+	RJF.Contig4.LOC04.YLEC40e	0	0	0	0	0	0	0	0	0	0	0	0	0	0	0	0	0	0	0	0	0	0	0	0	0	0	0
Contig4_020	Contig4	34117	34210	+	RJF.Contig4.LOC06.YLEC41f	0	0	0	0	0	0	0	0	0	0	0	0	0	0	0	0	0	0	0	0	0	0	0	0	0	0	0
Contig4_006	Contig4	10662	10819	-	RJF.Contig4.LOC02.MHCY41e	0	0	0	0	0	0	0	0	0	0	0	0	0	0	0	0	0	0	0	0	0	0	0	0	0	0	0
Contig4_014	Contig4	24061	24186	-	RJF.Contig4.LOC05.MHCY42s	0	0	0	0	0	0	0	0	0	0	0	0	0	0	0	0	0	0	0	0	0	0	0	0	0	0	0
Contig4_007	Contig4	10444	10628	-	RJF.Contig4.LOC02.MHCY41e	0	0	0	0	0	0	0	0	0	0	0	0	0	0	0	0	0	0	0	0	0	0	0	0	0	0	0
Contig4_027	Contig4	39172	39266	+	RJF.Contig4.LOC08.MHCY44n	0	0	0	0	0	0	0	0	0	0	0	0	0	0	0	0	0	0	0	0	0	0	0	0	0	0	0
Contig4_029	Contig4	39726	39794	+	RJF.Contig4.LOC08.MHCY44n	0	0	0	0	0	0	0	0	0	0	0	0	0	0	0	0	0	0	0	0	0	0	0	0	0	0	0
Contig4_010	Contig4	18848	18932	+	RJF.Contig4.LOC04.YLEC40e	0	0	0	0	0	0	0	0	0	0	0	0	0	0	0	0	0	0	0	0	0	0	0	0	0	0	0
Contig4_026	Contig4	38641	38895	+	RJF.Contig4.LOC08.MHCY44n	0	0	0	0	0	0	0	0	0	0	0	0	0	0	0	0	0	0	0	0	0	0	0	0	0	0	0
Contig4_009	Contig4	18600	18692	+	RJF.Contig4.LOC04.YLEC40e	0	0	0	0	0	0	0	0	0	0	0	0	0	0	0	0	0	0	0	0	0	0	0	0	0	0	0
Contig4_005	Contig4	10853	10966	-	RJF.Contig4.LOC02.MHCY41e	0	0	0	0	0	0	0	0	0	0	0	0	0	0	0	0	0	0	0	0	0	0	0	0	0	0	0
Contig4_003	Contig4	11425	11519	-	RJF.Contig4.LOC02.MHCY41e	0	0	0	0	0	0	0	0	0	0	0	0	0	0	0	0	0	0	0	0	0	0	0	0	0	0	0
Contig4_030	Contig4	39831	39988	+	RJF.Contig4.LOC08.MHCY44n	0	0	0	0	0	0	0	0	0	0	0	0	0	0	0	0	0	0	0	0	0	0	0	0	0	0	0
Contig4_018	Contig4	22620	22729	-	RJF.Contig4.LOC05.MHCY42s	0	0	0	0	0	0	0	0	0	0	0	0	0	0	0	0	0	0	0	0	0	0	0	0	0	0	0
Contig4_012	Contig4	19517	19781	+	RJF.Contig4.LOC04.YLEC40e	0	0	0	0	0	0	0	0	0	0	0	0	0	0	0	0	0	0	0	0	0	0	0	0	0	0	0
Contig4_001	Contig4	12302	12427	-	RJF.Contig4.LOC02.MHCY41e	0	0	0	0	0	0	0	0	0	0	0	0	0	0	0	0	0	0	0	0	0	0	0	0	0	0	0
Contig4_022	Contig4	34559	34855	+	RJF.Contig4.LOC06.YLEC41f	0	0	0	0	0	0	0	0	0	0	0	0	0	0	0	0	0	0	0	0	0	0	0	0	0	0	0
Contig4_025	Contig4	38254	38379	+	RJF.Contig4.LOC08.MHCY44n	0	0	0	0	0	0	0	0	0	0	0	0	0	0	0	0	0	0	0	0	0	0	0	0	0	0	0
