Supplemental results for CODEML (seqf: ../alpha2-alphaHelix-nuc.paml  treef: )


pairwise comparison (Goldman & Yang 1994)
seq seq        N       S       dN       dS     dN/dS   Paras.
  2   1     79.6     13.4   0.0001   0.0778   0.0010   0.0339   0.4000   0.0010  -123.177
  3   1     69.5     23.5   0.0001   0.0841   0.0010   0.0641 999.0000   0.0010  -125.230
  3   2     76.4     16.6   0.0002   0.1921   0.0010   0.1034   1.3136   0.0010  -130.319
  4   1     79.8     13.2   0.0000   0.0000  99.0000   0.0000   0.4000  99.0000  -117.499
  4   2     79.6     13.4   0.0001   0.0778   0.0010   0.0339   0.4000   0.0010  -123.177
  4   3     69.5     23.5   0.0001   0.0841   0.0010   0.0641 999.0000   0.0010  -125.230
  5   1     79.8     13.2   0.0000   0.0000  99.0000   0.0000   0.4000  99.0000  -117.499
  5   2     79.6     13.4   0.0001   0.0778   0.0010   0.0339   0.4000   0.0010  -123.177
  5   3     69.5     23.5   0.0001   0.0841   0.0010   0.0641 999.0000   0.0010  -125.230
  5   4     72.6     20.4   0.0000   0.0000  99.0000   0.0000   5.0147  99.0000  -117.499
  6   1     75.3     17.7   0.0286   0.0549   0.5220   0.1009   2.6354   0.5220  -131.782
  6   2     77.8     15.2   0.0274   0.1407   0.1946   0.1377   1.0403   0.1946  -136.894
  6   3     74.1     18.9   0.0293   0.1670   0.1754   0.1718   4.1549   0.1754  -137.771
  6   4     75.3     17.7   0.0286   0.0549   0.5220   0.1009   2.6354   0.5220  -131.782
  6   5     75.3     17.7   0.0286   0.0549   0.5220   0.1009   2.6353   0.5220  -131.782

