A02_AJ555412.1_CDS   
A30_EU445478.2_CDS     0.0852
A03_HG794390.1_CDS     0.0852  0.0000
A11_HG794391.1_CDS     0.0852  0.0000  0.0000
A31_M84375.1           0.0849  0.0326  0.0326  0.0326
A74_HG965151.1_CDS     0.0673  0.0162  0.0162  0.0162  0.0161
A01_AJ278305.2_CDS     0.1210  0.0664  0.0664  0.0664  0.0661  0.0492
A26_HG794395.1_CDS     0.1230  0.1036  0.1036  0.1036  0.1032  0.0853  0.0668
A29_LN999852.1_CDS     0.1426  0.0676  0.0676  0.0676  0.1034  0.0854  0.0669  0.0680
B56_D85762.1           0.3114  0.2519  0.2519  0.2519  0.2964  0.2742  0.2603  0.1895  0.2322
B35_AJ420239.1_CDS     0.3112  0.3213  0.3213  0.3213  0.3199  0.2971  0.2826  0.2102  0.3002  0.1004
B15_HG794370.1_CDS     0.2819  0.2918  0.2918  0.2918  0.2906  0.2684  0.2509  0.2707  0.2946  0.1381  0.0488
B18_KU319250.1_CDS     0.3297  0.3401  0.3401  0.3401  0.3386  0.3152  0.2961  0.2259  0.3185  0.1010  0.0159  0.0324
B39_L36318.1           0.3360  0.3463  0.3463  0.3463  0.3448  0.3213  0.3061  0.2318  0.3247  0.1005  0.0158  0.0488  0.0159
B08_AJ295294.2_CDS     0.3106  0.2969  0.2969  0.2969  0.2956  0.2735  0.2596  0.1891  0.2763  0.0826  0.0158  0.0657  0.0321  0.0320
B14_HG794368.1_CDS     0.3354  0.3210  0.3210  0.3210  0.3197  0.2969  0.2824  0.2100  0.3000  0.0827  0.0320  0.0658  0.0321  0.0158  0.0158
A32_HG794386.1_CDS     0.2431  0.1786  0.1786  0.1786  0.1779  0.1586  0.1571  0.2005  0.2009  0.2717  0.2944  0.2660  0.3122  0.3183  0.2710  0.2941
A23_HG794379.1_CDS     0.1997  0.2196  0.2196  0.2196  0.2187  0.1984  0.1965  0.2429  0.2433  0.3542  0.3795  0.3484  0.4000  0.4063  0.3533  0.3792  0.0657
A24_HG794380.1_CDS     0.1997  0.2196  0.2196  0.2196  0.2187  0.1984  0.1965  0.2429  0.2433  0.3542  0.3795  0.3484  0.4000  0.4063  0.3533  0.3792  0.0657  0.0000
B58_AJ420241.2_CDS     0.2662  0.2995  0.2995  0.2995  0.3101  0.2874  0.2397  0.2899  0.3023  0.3436  0.3310  0.2974  0.3457  0.3562  0.3552  0.3812  0.1384  0.1381  0.1381
B27_LN877310.2_CDS     0.3613  0.2977  0.2977  0.2977  0.3448  0.3213  0.3061  0.3242  0.3005  0.1758  0.2376  0.1972  0.2391  0.2166  0.2161  0.1956  0.1665  0.1961  0.1961  0.1669
B38_L36591.1           0.4147  0.4259  0.4259  0.4259  0.4239  0.3981  0.3805  0.3000  0.4025  0.2166  0.1185  0.1573  0.1193  0.1005  0.1369  0.1185  0.2278  0.2598  0.2598  0.2178  0.1005
B51_M68964.1           0.3872  0.3981  0.3981  0.3981  0.3962  0.3713  0.3546  0.2763  0.3753  0.2164  0.1003  0.1571  0.1192  0.1185  0.1183  0.1369  0.2067  0.2378  0.2378  0.1969  0.1185  0.0158
B13_HM484300.1_CDS     0.3300  0.3404  0.3404  0.3404  0.3389  0.3155  0.2964  0.3182  0.3438  0.2613  0.1571  0.1017  0.1388  0.1573  0.1765  0.1767  0.2012  0.2323  0.2323  0.1880  0.1011  0.0659  0.0658
B37_AJ310358.1_CDS     0.2606  0.2705  0.2705  0.2705  0.2694  0.2477  0.2751  0.2962  0.3211  0.2409  0.1388  0.0843  0.1207  0.1389  0.1579  0.1580  0.2678  0.3019  0.3019  0.2534  0.1582  0.1201  0.1200  0.0494
