A02_AJ555412.1_CDS   
A30_EU445478.2_CDS     0.0470
A03_HG794390.1_CDS     0.0000  0.0477
A11_HG794391.1_CDS     0.0000  0.0477  0.0000
A31_M84375.1           0.0475  0.0000  0.0483  0.0483
A74_HG965151.1_CDS     0.0000  0.0478  0.0000  0.0000  0.0484
A01_AJ278305.2_CDS     0.0000  0.0491  0.0000  0.0000  0.0496  0.0000
A26_HG794395.1_CDS     0.0000  0.0469  0.0000  0.0000  0.0474  0.0000  0.0000
A29_LN999852.1_CDS     0.0000  0.0467  0.0000  0.0000  0.0472  0.0000  0.0000  0.0000
B56_D85762.1           0.0487  0.1302  0.0754  0.0754  0.1318  0.0756  0.0509  0.0739  0.0736
B35_AJ420239.1_CDS     0.0488  0.1305  0.0756  0.0756  0.1321  0.0757  0.0510  0.0741  0.0738  0.0000
B15_HG794370.1_CDS     0.0645  0.1467  0.0916  0.0916  0.1484  0.0918  0.0762  0.0898  0.0894  0.0000  0.0000
B18_KU319250.1_CDS     0.0646  0.1470  0.0918  0.0918  0.1487  0.0920  0.0764  0.0900  0.0896  0.0000  0.0000  0.0000
B39_L36318.1           0.1007  0.1894  0.1302  0.1302  0.1917  0.1305  0.1054  0.1276  0.1270  0.0512  0.0513  0.0503  0.0504
B08_AJ295294.2_CDS     0.0490  0.1311  0.0759  0.0759  0.1327  0.0761  0.0512  0.0744  0.0741  0.0000  0.0000  0.0000  0.0000  0.0515
B14_HG794368.1_CDS     0.1012  0.1903  0.1308  0.1308  0.1926  0.1311  0.1059  0.1282  0.1276  0.0514  0.0515  0.0505  0.0506  0.0000  0.0518
A32_HG794386.1_CDS     0.0000  0.0490  0.0000  0.0000  0.0495  0.0000  0.0000  0.0000  0.0000  0.0775  0.0776  0.0941  0.0943  0.1340  0.0780  0.1346
A23_HG794379.1_CDS     0.0000  0.0493  0.0000  0.0000  0.0499  0.0000  0.0000  0.0000  0.0000  0.0511  0.0512  0.0677  0.0678  0.1059  0.0514  0.1064  0.0000
A24_HG794380.1_CDS     0.0000  0.0493  0.0000  0.0000  0.0499  0.0000  0.0000  0.0000  0.0000  0.0511  0.0512  0.0677  0.0678  0.1059  0.0514  0.1064  0.0000  0.0000
B58_AJ420241.2_CDS     0.0479  0.1863  0.1282  0.1282  0.1585  0.1009  0.1037  0.0988  0.1250  0.0769  0.0505  0.0756  0.0757  0.1044  0.0507  0.1049  0.1035  0.0503  0.0503
B27_LN877310.2_CDS     0.0487  0.1302  0.0754  0.0754  0.1318  0.0756  0.0509  0.0739  0.0736  0.0000  0.0000  0.0000  0.0000  0.0512  0.0000  0.0514  0.0775  0.0511  0.0511  0.0769
B38_L36591.1           0.1007  0.1894  0.1302  0.1302  0.1917  0.1305  0.1054  0.1276  0.1270  0.0512  0.0513  0.0503  0.0504  0.0000  0.0515  0.0000  0.1340  0.1059  0.1059  0.1044  0.0512
B51_M68964.1           0.0488  0.1305  0.0756  0.0756  0.1321  0.0757  0.0510  0.0741  0.0738  0.0000  0.0000  0.0000  0.0000  0.0513  0.0000  0.0515  0.0776  0.0512  0.0512  0.0505  0.0000  0.0513
B13_HM484300.1_CDS     0.1168  0.2062  0.1467  0.1467  0.2087  0.1470  0.1318  0.1437  0.1431  0.0503  0.0504  0.0494  0.0495  0.1042  0.0506  0.1047  0.1509  0.1228  0.1228  0.1305  0.0503  0.1042  0.0504
B37_AJ310358.1_CDS     0.0634  0.1440  0.0900  0.0900  0.1457  0.0902  0.0749  0.0883  0.0879  0.0000  0.0000  0.0000  0.0000  0.0494  0.0000  0.0496  0.0924  0.0665  0.0665  0.0742  0.0000  0.0494  0.0000  0.0486
