Supplemental results for CODEML (seqf: ../IMGT_GenBank-alpha1-alphaHelix-nuc.paml  treef: )


pairwise comparison (Goldman & Yang 1994)
seq seq        N       S       dN       dS     dN/dS   Paras.
  2   1     71.2     12.8   0.0752   0.0877   0.8580   0.2314   0.4088   0.8580  -132.198
  3   1     71.0     13.0   0.0742   0.0007  99.0000   0.1884   0.6003  99.0000  -126.876
  3   2     72.1     11.9   0.0001   0.0915   0.0010   0.0393   0.4000   0.0010  -110.580
  4   1     71.0     13.0   0.0742   0.0007  99.0000   0.1884   0.6003  99.0000  -126.876
  4   2     72.1     11.9   0.0001   0.0915   0.0010   0.0393   0.4000   0.0010  -110.580
  4   3     62.9     21.1   0.0000   0.0000   0.0010   0.0000 999.0000   0.0010  -105.317
  5   1     69.1     14.9   0.0762   0.0791   0.9634   0.2301   1.1574   0.9634  -135.661
  5   2     66.3     17.7   0.0307   0.0003  99.0000   0.0728   2.8180  99.0000  -118.749
  5   3     70.0     14.0   0.0289   0.0835   0.3454   0.1138   1.0387   0.3454  -123.416
  5   4     70.0     14.0   0.0289   0.0835   0.3454   0.1138   1.0387   0.3454  -123.416
  6   1     70.3     13.7   0.0591   0.0006  99.0000   0.1486   0.8341  99.0000  -124.271
  6   2     71.9     12.1   0.0139   0.0921   0.1512   0.0755   0.4000   0.1512  -116.111
  6   3     72.3     11.7   0.0137   0.0001  99.0000   0.0356   0.4000  99.0000  -110.874
  6   4     72.3     11.7   0.0137   0.0001  99.0000   0.0356   0.4000  99.0000  -110.874
  6   5     68.3     15.7   0.0147   0.0743   0.1975   0.0775   1.8417   0.1975  -119.557
  7   1     67.0     17.0   0.1153   0.0012  99.0000   0.2767   3.6160  99.0000  -133.456
  7   2     66.6     17.4   0.0633   0.0700   0.9046   0.1942   3.5821   0.9046  -128.785
  7   3     65.5     18.5   0.0659   0.0007  99.0000   0.1547   8.6223  99.0000  -122.280
  7   4     65.5     18.5   0.0659   0.0007  99.0000   0.1547   8.6223  99.0000  -122.280
  7   5     64.2     19.8   0.0670   0.0621   1.0798   0.1976  10.0435   1.0798  -129.872
  7   6     63.2     20.8   0.0517   0.0005  99.0000   0.1170 999.0000  99.0000  -117.449
  8   1     68.4     15.6   0.1110   0.0011  99.0000   0.2717   1.7781  99.0000  -134.325
  8   2     66.7     17.3   0.0962   0.0693   1.3875   0.2719   3.1853   1.3875  -134.075
  8   3     66.4     17.6   0.0976   0.0010  99.0000   0.2321   5.4070  99.0000  -127.798
  8   4     66.4     17.6   0.0976   0.0010  99.0000   0.2321   5.4070  99.0000  -127.798
  8   5     65.2     18.8   0.0997   0.0643   1.5501   0.2753   6.2728   1.5501  -135.466
  8   6     65.2     18.8   0.0827   0.0008  99.0000   0.1931  10.9591  99.0000  -124.311
  8   7     65.8     18.2   0.0641   0.0006  99.0000   0.1510   7.8920  99.0000  -122.651
  9   1     70.1     13.9   0.1278   0.0013  99.0000   0.3208   0.7836  99.0000  -136.770
  9   2     68.7     15.3   0.0622   0.0733   0.8491   0.1928   1.5774   0.8491  -128.469
  9   3     67.8     16.2   0.0636   0.0006  99.0000   0.1543   2.9307  99.0000  -122.630
  9   4     67.8     16.2   0.0636   0.0006  99.0000   0.1543   2.9307  99.0000  -122.630
  9   5     68.1     15.9   0.0957   0.0737   1.2988   0.2747   1.9018   1.2988  -136.609
  9   6     68.8     15.2   0.0778   0.0008  99.0000   0.1916   1.8620  99.0000  -126.074
  9   7     70.4     13.6   0.0597   0.0006  99.0000   0.1505   0.9104  99.0000  -123.682
  9   8     71.0     13.0   0.0592   0.0006  99.0000   0.1504   0.4000  99.0000  -123.152
 10   1     71.9     12.1   0.3072   0.0031  99.0000   0.7901   0.5792  99.0000  -158.706
 10   2     70.1     13.9   0.2472   0.1860   1.3290   0.7110   1.3969   1.3290  -161.533
 10   3     70.2     13.8   0.2496   0.0832   3.0007   0.6669   1.6864   3.0007  -157.340
 10   4     70.2     13.8   0.2496   0.0832   3.0007   0.6669   1.6864   3.0007  -157.340
 10   5     69.9     14.1   0.2892   0.1956   1.4787   0.8207   1.5388   1.4787  -167.110
 10   6     70.6     13.4   0.2671   0.0844   3.1658   0.7140   1.4367   3.1658  -158.992
 10   7     71.3     12.7   0.2474   0.0709   3.4886   0.6624   1.0840   3.4886  -156.835
 10   8     71.8     12.2   0.1843   0.0763   2.4164   0.5057   0.6590   2.4164  -151.679
 10   9     72.3     11.7   0.2384   0.0505   4.7169   0.6368   0.4710   4.7169  -155.935
 11   1     71.1     12.9   0.3100   0.0031  99.0000   0.7882   1.1954  99.0000  -161.502
 11   2     70.7     13.3   0.3101   0.2024   1.5320   0.8792   1.2760   1.5320  -168.237
 11   3     70.9     13.1   0.3159   0.0880   3.5905   0.8414   1.4678   3.5905  -164.208
 11   4     70.9     13.1   0.3159   0.0880   3.5905   0.8414   1.4678   3.5905  -164.208
 11   5     70.0     14.0   0.3136   0.2033   1.5425   0.8855   1.7813   1.5425  -170.195
 11   6     70.7     13.3   0.2925   0.0945   3.0939   0.7831   1.7092   3.0939  -162.683
 11   7     71.1     12.9   0.2766   0.0603   4.5893   0.7304   1.3288   4.5893  -159.727
 11   8     71.6     12.4   0.2042   0.0936   2.1822   0.5635   0.9372   2.1822  -155.641
 11   9     72.7     11.3   0.3316   0.0033  99.0000   0.8620   0.4000  99.0000  -162.114
 11  10     72.4     11.6   0.0918   0.0009  99.0000   0.2375   1.2260  99.0000  -131.186
 12   1     70.5     13.5   0.2807   0.0567   4.9542   0.7344   1.2762   4.9542  -161.404
 12   2     70.1     13.9   0.2814   0.2416   1.1646   0.8245   1.4301   1.1646  -167.152
 12   3     70.3     13.7   0.2824   0.1477   1.9113   0.7814   1.6851   1.9113  -163.442
 12   4     70.3     13.7   0.2824   0.1477   1.9113   0.7814   1.6851   1.9113  -163.442
 12   5     69.4     14.6   0.2863   0.2383   1.2014   0.8340   1.9828   1.2014  -169.377
 12   6     70.0     14.0   0.2609   0.1462   1.7854   0.7256   1.9433   1.7854  -161.746
 12   7     70.4     13.6   0.2419   0.1185   2.0417   0.6657   1.5545   2.0417  -158.759
 12   8     70.5     13.5   0.2586   0.1347   1.9193   0.7161   1.3010   1.9193  -161.394
 12   9     71.2     12.8   0.2864   0.1312   2.1822   0.7880   0.8782   2.1822  -163.492
 12  10     71.7     12.3   0.1260   0.0013  99.0000   0.3232   1.4182  99.0000  -135.737
 12  11     69.3     14.7   0.0452   0.0005  99.0000   0.1123   4.8044  99.0000  -118.642
 13   1     70.7     13.3   0.3293   0.0475   6.9389   0.8536   1.3326   6.9389  -164.220
 13   2     70.1     13.9   0.3283   0.2372   1.3838   0.9395   1.5009   1.3838  -169.915
 13   3     70.4     13.6   0.3297   0.1414   2.3328   0.8975   1.7473   2.3328  -166.155
 13   4     70.4     13.6   0.3297   0.1414   2.3328   0.8975   1.7473   2.3328  -166.155
 13   5     69.5     14.5   0.3343   0.2359   1.4171   0.9521   2.0472   1.4171  -172.007
 13   6     70.1     13.9   0.3078   0.1413   2.1779   0.8407   2.0090   2.1779  -164.594
 13   7     70.4     13.6   0.2900   0.1062   2.7301   0.7805   1.6342   2.7301  -161.496
 13   8     70.8     13.2   0.2155   0.1360   1.5844   0.6089   1.2339   1.5844  -157.781
 13   9     71.6     12.4   0.3143   0.1170   2.6858   0.8552   0.7309   2.6858  -164.776
 13  10     72.2     11.8   0.0920   0.0009  99.0000   0.2375   1.2126  99.0000  -130.540
 13  11     66.4     17.6   0.0152   0.0002  99.0000   0.0361 999.0000  99.0000  -109.902
 13  12     70.6     13.4   0.0295   0.0003  99.0000   0.0745   2.3180  99.0000  -114.032
 14   1     70.3     13.7   0.3493   0.0769   4.5437   0.9146   1.1807   4.5437  -166.572
 14   2     69.7     14.3   0.3444   0.2738   1.2580   0.9972   1.3391   1.2580  -172.269
 14   3     69.9     14.1   0.3486   0.1703   2.0466   0.9563   1.5583   2.0466  -168.613
 14   4     69.9     14.1   0.3486   0.1703   2.0466   0.9563   1.5583   2.0466  -168.613
 14   5     69.2     14.8   0.3495   0.2760   1.2667   1.0096   1.8113   1.2667  -174.372
 14   6     69.7     14.3   0.3252   0.1740   1.8689   0.8985   1.7769   1.8689  -167.172
 14   7     70.0     14.0   0.3062   0.1394   2.1966   0.8355   1.4698   2.1966  -164.400
 14   8     70.5     13.5   0.2277   0.1753   1.2987   0.6579   1.0928   1.2987  -160.755
 14   9     71.3     12.7   0.3349   0.1374   2.4364   0.9148   0.6484   2.4364  -167.513
 14  10     69.4     14.6   0.0970   0.0748   1.2959   0.2794   3.1199   1.2959  -134.436
 14  11     71.0     13.0   0.0148   0.0751   0.1973   0.0725   1.8414   0.1973  -116.379
 14  12     70.3     13.7   0.0456   0.0731   0.6244   0.1503   2.0649   0.6244  -124.015
 14  13     70.7     13.3   0.0149   0.0735   0.2021   0.0724   1.8567   0.2021  -115.940
 15   1     71.5     12.5   0.3096   0.0031  99.0000   0.7918   0.8909  99.0000  -161.363
 15   2     70.3     13.7   0.2815   0.2141   1.3151   0.8116   1.4200   1.3151  -166.458
 15   3     70.6     13.4   0.2862   0.1023   2.7981   0.7705   1.6687   2.7981  -162.417
 15   4     70.6     13.4   0.2862   0.1023   2.7981   0.7705   1.6687   2.7981  -162.417
 15   5     69.7     14.3   0.2854   0.2142   1.3325   0.8196   1.9627   1.3325  -168.360
 15   6     70.3     13.7   0.2644   0.1065   2.4821   0.7159   1.9266   2.4821  -160.772
 15   7     70.8     13.2   0.2490   0.0676   3.6824   0.6612   1.5236   3.6824  -157.851
 15   8     71.2     12.8   0.1779   0.1078   1.6493   0.5017   1.0776   1.6493  -153.452
 15   9     72.2     11.8   0.2797   0.0587   4.7648   0.7459   0.5622   4.7648  -160.682
 15  10     71.8     12.2   0.0748   0.0008  99.0000   0.1919   1.6030  99.0000  -128.073
 15  11     74.5      9.5   0.0143   0.0001  99.0000   0.0382   0.4000  99.0000  -110.385
 15  12     70.8     13.2   0.0613   0.0006  99.0000   0.1552   2.4502  99.0000  -122.978
 15  13     70.8     13.2   0.0301   0.0003  99.0000   0.0764   2.5053  99.0000  -115.832
 15  14     72.4     11.6   0.0299   0.0803   0.3721   0.1107   1.0126   0.3721  -121.239
 16   1     70.8     13.2   0.3535   0.0672   5.2644   0.9253   0.8658   5.2644  -166.289
 16   2     69.4     14.6   0.3139   0.2855   1.0995   0.9270   1.4722   1.0995  -170.515
 16   3     69.6     14.4   0.3179   0.1831   1.7360   0.8842   1.7322   1.7360  -166.822
 16   4     69.6     14.4   0.3179   0.1831   1.7360   0.8842   1.7322   1.7360  -166.822
 16   5     68.8     15.2   0.3193   0.2870   1.1125   0.9404   1.9742   1.1125  -172.579
 16   6     69.4     14.6   0.2955   0.1852   1.5960   0.8290   1.9652   1.5960  -165.273
 16   7     69.7     14.3   0.2780   0.1449   1.9176   0.7661   1.6300   1.9176  -162.577
 16   8     70.2     13.8   0.2007   0.1869   1.0740   0.5953   1.2131   1.0740  -158.531
 16   9     70.9     13.1   0.2960   0.1670   1.7725   0.8276   0.7795   1.7725  -165.848
 16  10     68.6     15.4   0.0791   0.0736   1.0755   0.2343   4.5574   1.0755  -130.840
 16  11     72.4     11.6   0.0299   0.0803   0.3721   0.1107   1.0126   0.3721  -121.239
 16  12     71.1     12.9   0.0619   0.0760   0.8148   0.1922   1.4221   0.8148  -127.915
 16  13     72.1     11.9   0.0300   0.0785   0.3820   0.1106   1.0165   0.3820  -120.802
 16  14     73.4     10.6   0.0145   0.0001  99.0000   0.0381   0.4000  99.0000  -110.624
 16  15     70.9     13.1   0.0147   0.0763   0.1926   0.0728   1.8476   0.1926  -116.657
 17   1     68.7     15.3   0.2319   0.0023  99.0000   0.5707   1.7100  99.0000  -150.441
 17   2     69.1     14.9   0.1695   0.0815   2.0782   0.4617   1.4541   2.0782  -148.576
 17   3     68.9     15.1   0.1700   0.0017  99.0000   0.4195   1.9554  99.0000  -143.018
 17   4     68.9     15.1   0.1700   0.0017  99.0000   0.4195   1.9554  99.0000  -143.018
 17   5     67.7     16.3   0.1747   0.0748   2.3367   0.4660   2.3241   2.3367  -150.658
 17   6     68.3     15.7   0.1532   0.0015  99.0000   0.3743   2.4046  99.0000  -140.826
 17   7     68.5     15.5   0.1522   0.0015  99.0000   0.3732   2.3328  99.0000  -141.516
 17   8     68.3     15.7   0.1898   0.0019  99.0000   0.4640   2.2597  99.0000  -144.689
 17   9     70.3     13.7   0.1846   0.0019  99.0000   0.4642   0.9991  99.0000  -144.693
 17  10     71.9     12.1   0.2797   0.0685   4.0827   0.7481   0.8115   4.0827  -160.270
 17  11     71.5     12.5   0.3014   0.0794   3.7976   0.8052   1.1274   3.7976  -163.909
 17  12     70.8     13.2   0.2639   0.1417   1.8619   0.7341   1.3204   1.8619  -163.337
 17  13     70.8     13.2   0.3137   0.1329   2.3597   0.8555   1.4337   2.3597  -166.242
 17  14     70.4     13.6   0.3322   0.1658   2.0035   0.9160   1.2737   2.0035  -168.949
 17  15     71.1     12.9   0.2688   0.0969   2.7724   0.7273   1.3168   2.7724  -162.173
 17  16     70.1     13.9   0.2992   0.1799   1.6637   0.8384   1.4271   1.6637  -167.183
 18   1     69.4     14.6   0.1884   0.0019  99.0000   0.4681   1.4732  99.0000  -144.250
 18   2     71.9     12.1   0.2073   0.0998   2.0771   0.5754   0.5724   2.0771  -152.899
 18   3     71.7     12.3   0.2032   0.0021  99.0000   0.5214   0.7607  99.0000  -147.660
 18   4     71.7     12.3   0.2032   0.0021  99.0000   0.5214   0.7607  99.0000  -147.660
 18   5     70.4     13.6   0.2070   0.0920   2.2502   0.5650   1.0621   2.2502  -155.990
 18   6     71.2     12.8   0.1838   0.0019  99.0000   0.4684   0.9092  99.0000  -146.033
 18   7     71.3     12.7   0.1832   0.0019  99.0000   0.4676   0.9059  99.0000  -146.955
 18   8     70.7     13.3   0.2229   0.0023  99.0000   0.5635   0.9973  99.0000  -150.275
 18   9     72.6     11.4   0.2209   0.0022  99.0000   0.5735   0.4000  99.0000  -148.951
 18  10     72.9     11.1   0.3608   0.0036  99.0000   0.9408   0.6954  99.0000  -162.714
 18  11     72.5     11.5   0.3914   0.0040  99.0000   1.0149   0.9733  99.0000  -166.588
 18  12     72.3     11.7   0.3753   0.0328  11.4527   0.9830   0.8835  11.4527  -166.858
 18  13     72.3     11.7   0.4341   0.0167  26.0279   1.1274   0.9742  26.0279  -169.134
 18  14     72.5     11.5   0.4798   0.0051  94.9615   1.2441   0.7197  94.9615  -171.478
 18  15     72.2     11.8   0.3633   0.0037  99.0000   0.9385   1.0576  99.0000  -165.281
 18  16     71.7     12.3   0.4210   0.0590   7.1390   1.1040   0.9732   7.1390  -170.257
 18  17     71.5     12.5   0.0585   0.0006  99.0000   0.1496   0.8743  99.0000  -124.873
 19   1     69.4     14.6   0.1884   0.0019  99.0000   0.4681   1.4732  99.0000  -144.250
 19   2     71.9     12.1   0.2073   0.0998   2.0771   0.5754   0.5724   2.0771  -152.899
 19   3     71.7     12.3   0.2032   0.0021  99.0000   0.5214   0.7607  99.0000  -147.660
 19   4     71.7     12.3   0.2032   0.0021  99.0000   0.5214   0.7607  99.0000  -147.660
 19   5     70.4     13.6   0.2070   0.0920   2.2502   0.5650   1.0621   2.2502  -155.990
 19   6     71.2     12.8   0.1838   0.0019  99.0000   0.4684   0.9092  99.0000  -146.033
 19   7     71.3     12.7   0.1832   0.0019  99.0000   0.4676   0.9059  99.0000  -146.955
 19   8     70.7     13.3   0.2229   0.0023  99.0000   0.5635   0.9973  99.0000  -150.275
 19   9     72.6     11.4   0.2209   0.0022  99.0000   0.5735   0.4000  99.0000  -148.951
 19  10     72.9     11.1   0.3608   0.0036  99.0000   0.9408   0.6954  99.0000  -162.714
 19  11     72.5     11.5   0.3914   0.0040  99.0000   1.0149   0.9733  99.0000  -166.588
 19  12     72.3     11.7   0.3753   0.0328  11.4528   0.9830   0.8835  11.4528  -166.858
 19  13     72.3     11.7   0.4341   0.0167  26.0280   1.1274   0.9742  26.0280  -169.134
 19  14     72.5     11.5   0.4798   0.0051  94.9627   1.2441   0.7197  94.9627  -171.478
 19  15     72.2     11.8   0.3633   0.0037  99.0000   0.9385   1.0576  99.0000  -165.281
 19  16     71.7     12.3   0.4210   0.0590   7.1390   1.1040   0.9732   7.1390  -170.257
 19  17     71.5     12.5   0.0585   0.0006  99.0000   0.1496   0.8743  99.0000  -124.873
 19  18     73.6     10.4   0.0000   0.0000   0.0010   0.0000   0.4000   0.0010  -104.953
 20   1     69.8     14.2   0.2565   0.0839   3.0568   0.6821   2.3244   3.0568  -158.360
 20   2     70.0     14.0   0.2978   0.3191   0.9333   0.9040   1.8311   0.9333  -167.899
 20   3     70.4     13.6   0.3013   0.2148   1.4026   0.8618   2.1950   1.4026  -164.319
 20   4     70.4     13.6   0.3013   0.2148   1.4026   0.8618   2.1950   1.4026  -164.319
 20   5     69.3     14.7   0.3169   0.2685   1.1801   0.9254   2.5425   1.1801  -169.339
 20   6     70.0     14.0   0.2893   0.1701   1.7008   0.8086   2.5452   1.7008  -161.967
 20   7     70.9     13.1   0.2327   0.1688   1.3786   0.6681   1.6456   1.3786  -158.336
 20   8     70.5     13.5   0.2783   0.1613   1.7253   0.7783   1.7406   1.7253  -163.127
 20   9     71.0     13.0   0.2947   0.2067   1.4257   0.8434   1.2512   1.4257  -165.469
 20  10     72.7     11.3   0.3357   0.1160   2.8932   0.9184   1.0035   2.8932  -164.681
 20  11     72.3     11.7   0.3137   0.0911   3.4454   0.8479   1.5835   3.4454  -163.832
 20  12     71.8     12.2   0.2859   0.1361   2.1008   0.7926   1.7176   2.1008  -162.995
 20  13     71.8     12.2   0.3350   0.1282   2.6136   0.9151   1.8381   2.6136  -165.446
 20  14     71.4     12.6   0.3532   0.1662   2.1257   0.9751   1.6650   2.1257  -168.553
 20  15     72.3     11.7   0.3410   0.0924   3.6899   0.9194   1.4943   3.6899  -165.661
 20  16     71.4     12.6   0.3837   0.1651   2.3241   1.0527   1.5761   2.3241  -170.199
 20  17     69.3     14.7   0.1332   0.1634   0.8152   0.4153   3.8088   0.8152  -144.439
 20  18     70.8     13.2   0.1275   0.0914   1.3943   0.3655   1.9312   1.3943  -142.426
 20  19     70.8     13.2   0.1275   0.0914   1.3943   0.3655   1.9312   1.3943  -142.426
 21   1     72.2     11.8   0.3829   0.0039  99.0000   0.9892   0.4000  99.0000  -164.795
 21   2     70.6     13.4   0.2992   0.2166   1.3812   0.8582   1.0910   1.3812  -167.975
 21   3     70.8     13.2   0.3056   0.0987   3.0950   0.8189   1.3207   3.0950  -164.100
 21   4     70.8     13.2   0.3056   0.0987   3.0950   0.8189   1.3207   3.0950  -164.100
 21   5     70.3     13.7   0.3495   0.2204   1.5856   0.9855   1.2755   1.5856  -173.379
 21   6     71.1     12.9   0.3294   0.0958   3.4380   0.8803   1.1287   3.4380  -165.899
 21   7     72.8     11.2   0.3466   0.0035  99.0000   0.9021   0.4313  99.0000  -163.841
 21   8     72.2     11.8   0.3743   0.0038  99.0000   0.9670   0.4000  99.0000  -165.581
 21   9     72.4     11.6   0.3438   0.0088  38.9881   0.8925   0.4000  38.9881  -163.700
 21  10     71.2     12.8   0.1649   0.0017  99.0000   0.4203   1.7006  99.0000  -141.082
 21  11     71.6     12.4   0.2263   0.0023  99.0000   0.5801   1.6369  99.0000  -150.913
 21  12     71.6     12.4   0.1860   0.0019  99.0000   0.4763   1.4449  99.0000  -147.105
 21  13     71.5     12.5   0.2269   0.0023  99.0000   0.5801   1.6213  99.0000  -150.472
 21  14     70.2     13.8   0.2144   0.0736   2.9108   0.5738   2.1528   2.9108  -151.860
 21  15     71.3     12.7   0.2037   0.0021  99.0000   0.5199   1.8499  99.0000  -148.675
 21  16     69.8     14.2   0.1915   0.0747   2.5652   0.5154   2.4879   2.5652  -149.235
 21  17     70.7     13.3   0.1547   0.1312   1.1787   0.4530   1.3433   1.1787  -149.930
 21  18     73.5     10.5   0.1986   0.0020  99.0000   0.5221   0.4257  99.0000  -149.443
 21  19     73.5     10.5   0.1986   0.0020  99.0000   0.5221   0.4257  99.0000  -149.443
 21  20     73.3     10.7   0.1544   0.1486   1.0391   0.4610   0.4641   1.0391  -148.455
 22   1     71.0     13.0   0.4651   0.0351  13.2337   1.1951   0.9631  13.2337  -172.758
 22   2     69.9     14.1   0.4454   0.2606   1.7093   1.2433   1.3176   1.7093  -178.363
 22   3     70.1     13.9   0.4535   0.1506   3.0123   1.2103   1.5295   3.0123  -174.760
 22   4     70.1     13.9   0.4535   0.1506   3.0123   1.2103   1.5295   3.0123  -174.760
 22   5     69.1     14.9   0.4527   0.2660   1.7018   1.2590   1.8685   1.7018  -180.245
 22   6     69.8     14.2   0.4261   0.1578   2.6997   1.1419   1.8025   2.6997  -173.607
 22   7     70.1     13.9   0.4047   0.1252   3.2310   1.0755   1.4808   3.2310  -171.826
 22   8     70.7     13.3   0.3139   0.1557   2.0165   0.8663   1.1072   2.0165  -169.002
 22   9     72.3     11.7   0.5124   0.0052  99.0000   1.3250   0.4000  99.0000  -173.641
 22  10     70.2     13.8   0.2181   0.0734   2.9724   0.5827   2.3612   2.9724  -151.869
 22  11     71.6     12.4   0.1153   0.0755   1.5275   0.3282   1.4747   1.5275  -139.801
 22  12     71.0     13.0   0.1526   0.0722   2.1141   0.4205   1.5952   2.1141  -144.460
 22  13     71.4     12.6   0.1157   0.0734   1.5758   0.3280   1.4728   1.5758  -139.540
 22  14     71.4     12.6   0.0965   0.0010  99.0000   0.2465   1.2798  99.0000  -131.363
 22  15     72.1     11.9   0.1344   0.0758   1.7730   0.3782   1.2453   1.7730  -142.716
 22  16     71.9     12.1   0.1143   0.0012  99.0000   0.2939   1.0329  99.0000  -134.419
 22  17     69.0     15.0   0.2275   0.1820   1.2497   0.6581   2.2081   1.2497  -159.253
 22  18     71.7     12.3   0.2648   0.1109   2.3880   0.7268   1.0596   2.3880  -160.421
 22  19     71.7     12.3   0.2648   0.1109   2.3880   0.7268   1.0596   2.3880  -160.421
 22  20     71.2     12.8   0.2059   0.1709   1.2050   0.6017   1.8511   1.2050  -155.855
 22  21     69.2     14.8   0.0965   0.0741   1.3021   0.2777   3.2801   1.3021  -134.749
 23   1     71.2     12.8   0.3936   0.0040  99.0000   1.0029   1.1842  99.0000  -167.595
 23   2     70.8     13.2   0.4015   0.1937   2.0730   1.1065   1.2494   2.0730  -174.108
 23   3     71.1     12.9   0.4128   0.0663   6.2266   1.0793   1.3839   6.2266  -170.106
 23   4     71.1     12.9   0.4128   0.0663   6.2266   1.0793   1.3839   6.2266  -170.106
 23   5     69.9     14.1   0.4056   0.1973   2.0559   1.1120   1.8152   2.0559  -175.909
 23   6     70.7     13.3   0.3834   0.0795   4.8202   1.0058   1.6859   4.8202  -168.887
 23   7     71.3     12.7   0.3685   0.0412   8.9424   0.9573   1.2534   8.9424  -166.869
 23   8     71.8     12.2   0.2858   0.0696   4.1060   0.7628   0.9062   4.1060  -163.611
 23   9     72.9     11.1   0.4243   0.0043  99.0000   1.1063   0.4000  99.0000  -168.291
 23  10     72.3     11.7   0.2047   0.0021  99.0000   0.5295   1.3630  99.0000  -148.263
 23  11     72.5     11.5   0.0944   0.0010  99.0000   0.2451   1.3242  99.0000  -130.696
 23  12     71.0     13.0   0.1493   0.0015  99.0000   0.3795   2.1457  99.0000  -139.180
 23  13     71.2     12.8   0.1141   0.0012  99.0000   0.2906   2.0847  99.0000  -134.107
 23  14     71.6     12.4   0.1153   0.0755   1.5275   0.3282   1.4747   1.5275  -139.801
 23  15     73.0     11.0   0.1120   0.0011  99.0000   0.2925   1.0657  99.0000  -133.788
 23  16     72.1     11.9   0.1344   0.0758   1.7730   0.3782   1.2453   1.7730  -142.716
 23  17     69.9     14.1   0.2007   0.1035   1.9394   0.5531   2.1921   1.9394  -153.586
 23  18     72.4     11.6   0.2387   0.0024  99.0000   0.6185   1.0073  99.0000  -154.309
 23  19     72.4     11.6   0.2387   0.0024  99.0000   0.6185   1.0073  99.0000  -154.309
 23  20     72.0     12.0   0.1794   0.0902   1.9891   0.5001   1.7697   1.9891  -150.025
 23  21     71.2     12.8   0.1096   0.0011  99.0000   0.2791   2.0077  99.0000  -134.737
 23  22     70.8     13.2   0.0149   0.0745   0.1994   0.0727   1.9348   0.1994  -117.047
 24   1     71.2     12.8   0.3372   0.1533   2.1992   0.9277   0.8734   2.1992  -168.524
 24   2     70.7     13.3   0.3409   0.3349   1.0179   1.0198   1.0337   1.0179  -173.361
 24   3     70.9     13.1   0.3405   0.2363   1.4410   0.9727   1.2157   1.4410  -170.255
 24   4     70.9     13.1   0.3405   0.2363   1.4410   0.9727   1.2157   1.4410  -170.255
 24   5     70.1     13.9   0.3420   0.3359   1.0182   1.0231   1.4848   1.0182  -175.641
 24   6     70.6     13.4   0.3153   0.2333   1.3514   0.9067   1.4015   1.3514  -168.904
 24   7     70.9     13.1   0.2953   0.2038   1.4489   0.8431   1.1388   1.4489  -166.964
 24   8     70.9     13.1   0.3160   0.2128   1.4852   0.8998   0.9668   1.4852  -168.981
 24   9     71.6     12.4   0.3490   0.2162   1.6142   0.9881   0.6133   1.6142  -170.315
 24  10     72.1     11.9   0.2485   0.0859   2.8924   0.6761   1.2119   2.8924  -154.986
 24  11     71.6     12.4   0.1492   0.0784   1.9026   0.4164   1.6239   1.9026  -143.325
 24  12     72.4     11.6   0.0951   0.0810   1.1745   0.2795   0.8681   1.1745  -134.879
 24  13     72.0     12.0   0.1304   0.0791   1.6496   0.3693   1.1502   1.6496  -139.765
 24  14     71.5     12.5   0.1515   0.1570   0.9648   0.4570   1.2798   0.9648  -146.958
 24  15     71.9     12.1   0.1692   0.0801   2.1117   0.4692   1.4252   2.1117  -145.976
 24  16     71.7     12.3   0.1719   0.1586   1.0837   0.5098   1.1352   1.0837  -149.423
 24  17     69.1     14.9   0.1939   0.2341   0.8284   0.6031   2.5223   0.8284  -156.889
 24  18     71.5     12.5   0.2271   0.1832   1.2396   0.6617   1.1550   1.2396  -159.118
 24  19     71.5     12.5   0.2271   0.1832   1.2396   0.6617   1.1550   1.2396  -159.118
 24  20     71.3     12.7   0.1696   0.2502   0.6778   0.5455   2.0722   0.6778  -152.813
 24  21     71.0     13.0   0.0937   0.0819   1.1437   0.2757   1.7983   1.1437  -136.466
 24  22     70.1     13.9   0.0620   0.1501   0.4127   0.2297   2.1614   0.4127  -131.165
 24  23     69.5     14.5   0.0612   0.0723   0.8474   0.1894   3.5944   0.8474  -126.833
 25   1     71.7     12.3   0.2614   0.0551   4.7446   0.6932   0.6760   4.7446  -159.904
 25   2     71.1     12.9   0.2592   0.2486   1.0427   0.7726   0.8895   1.0427  -165.657
 25   3     71.3     12.7   0.2592   0.1501   1.7271   0.7281   1.0287   1.7271  -162.260
 25   4     71.3     12.7   0.2592   0.1501   1.7271   0.7281   1.0287   1.7271  -162.260
 25   5     70.3     13.7   0.2603   0.2445   1.0649   0.7732   1.3358   1.0649  -168.190
 25   6     71.0     13.0   0.2367   0.1502   1.5760   0.6698   1.2041   1.5760  -160.698
 25   7     70.4     13.6   0.2704   0.1105   2.4472   0.7334   1.4682   2.4472  -161.564
 25   8     70.5     13.5   0.2865   0.1298   2.2077   0.7841   1.2150   2.2077  -163.907
 25   9     71.3     12.7   0.3200   0.1216   2.6327   0.8700   0.7899   2.6327  -165.598
 25  10     71.2     12.8   0.2254   0.0023  99.0000   0.5744   1.7015  99.0000  -148.416
 25  11     70.3     13.7   0.1312   0.0013  99.0000   0.3300   2.7154  99.0000  -135.201
 25  12     71.1     12.9   0.0776   0.0008  99.0000   0.1975   1.6787  99.0000  -126.843
 25  13     70.9     13.1   0.1120   0.0011  99.0000   0.2840   1.9390  99.0000  -131.811
 25  14     70.3     13.7   0.1334   0.0701   1.9025   0.3693   1.9419   1.9025  -140.396
 25  15     70.8     13.2   0.1505   0.0015  99.0000   0.3812   2.2447  99.0000  -138.192
 25  16     70.7     13.3   0.1532   0.0706   2.1719   0.4205   1.6586   2.1719  -143.141
 25  17     67.9     16.1   0.2738   0.1352   2.0254   0.7419   3.8116   2.0254  -160.664
 25  18     70.2     13.8   0.3104   0.0587   5.2896   0.8075   1.8698   5.2896  -161.843
 25  19     70.2     13.8   0.3104   0.0587   5.2896   0.8075   1.8698   5.2896  -161.843
 25  20     70.6     13.4   0.2408   0.1344   1.7917   0.6713   3.1152   1.7917  -156.842
 25  21     69.4     14.6   0.1513   0.0015  99.0000   0.3756   3.5545  99.0000  -140.213
 25  22     68.2     15.8   0.1158   0.0660   1.7561   0.3193   4.2722   1.7561  -137.316
 25  23     67.8     16.2   0.1150   0.0012  99.0000   0.2792   7.1802  99.0000  -130.883
 25  24     70.1     13.9   0.0453   0.0724   0.6258   0.1492   2.2472   0.6258  -123.959

