Supplemental results for CODEML (seqf: ../alpha1-alphaHelix-nuc.paml  treef: )


pairwise comparison (Goldman & Yang 1994)
seq seq        N       S       dN       dS     dN/dS   Paras.
  2   1     74.9     12.1   0.3018   0.4595   0.6568   0.9713   3.1320   0.6568  -172.261
  3   1     71.5     15.5   0.1807   0.2621   0.6895   0.5857   2.6485   0.6895  -159.102
  3   2     72.0     15.0   0.1357   0.2249   0.6031   0.4533   6.7962   0.6031  -144.080
  4   1     72.3     14.7   0.2386   0.6313   0.3779   0.9146   2.7389   0.3779  -170.580
  4   2     74.1     12.9   0.1235   0.2744   0.4499   0.4373   2.0209   0.4499  -146.594
  4   3     69.5     17.5   0.0799   0.2600   0.3075   0.3484   4.7620   0.3075  -139.396
  5   1     73.2     13.8   0.1874   0.2360   0.7942   0.5853   2.6798   0.7942  -156.347
  5   2     74.3     12.7   0.1112   0.0792   1.4045   0.3195   4.5681   1.4045  -139.603
  5   3     71.1     15.9   0.1119   0.1343   0.8327   0.3479   3.0073   0.8327  -142.673
  5   4     72.5     14.5   0.0735   0.3679   0.1998   0.3682   0.5561   0.1998  -143.905
  6   1     73.1     13.9   0.2013   0.0901   2.2347   0.5503   3.3074   2.2347  -153.771
  6   2     74.6     12.4   0.1070   0.1716   0.6235   0.3486   3.0291   0.6235  -142.628
  6   3     70.7     16.3   0.1150   0.0613   1.8770   0.3148   4.2229   1.8770  -139.405
  6   4     72.3     14.7   0.0912   0.2401   0.3799   0.3491   1.1012   0.3799  -145.364
  6   5     72.3     14.7   0.0610   0.0696   0.8760   0.1874   9.8864   0.8760  -128.759

