A30_EU445478.2_CDS   
A32_HG794386.1_CDS     0.0856
A74_HG965151.1_CDS     0.0856  0.0000
A01_AJ278305.2_CDS     0.0725  0.0355  0.0355
A26_HG794395.1_CDS     0.0921  0.0478  0.0478  0.0415
A11_HG794391.1_CDS     0.0851  0.0475  0.0475  0.0116  0.0293
A03_HG794390.1_CDS     0.0595  0.0233  0.0233  0.0115  0.0292  0.0232
A29_LN999852.1_CDS     0.0980  0.0116  0.0116  0.0474  0.0599  0.0595  0.0350
A31_M84375.1           0.0729  0.0117  0.0117  0.0235  0.0356  0.0354  0.0116  0.0234
A02_AJ555412.1_CDS     0.0725  0.0726  0.0726  0.0475  0.0726  0.0597  0.0594  0.0914  0.0539
A23_HG794379.1_CDS     0.0474  0.0234  0.0234  0.0174  0.0234  0.0292  0.0057  0.0412  0.0116  0.0473
A24_HG794380.1_CDS     0.0474  0.0234  0.0234  0.0174  0.0234  0.0292  0.0057  0.0412  0.0116  0.0473  0.0000
B13_HM484300.1_CDS     0.1624  0.1487  0.1487  0.1505  0.1212  0.1362  0.1357  0.1713  0.1351  0.1729  0.1171  0.1171
B51_M68964.1           0.1805  0.2033  0.2033  0.2049  0.1736  0.1895  0.1888  0.2272  0.1887  0.2099  0.1822  0.1822  0.0470
B58_AJ420241.2_CDS     0.1512  0.1729  0.1729  0.1723  0.1446  0.1576  0.1570  0.1935  0.1589  0.1722  0.1437  0.1437  0.0289  0.0468
B35_AJ420239.1_CDS     0.1512  0.1729  0.1729  0.1723  0.1446  0.1576  0.1570  0.1935  0.1589  0.1722  0.1437  0.1437  0.0289  0.0468  0.0000
B15_HG794370.1_CDS     0.1443  0.1658  0.1658  0.1652  0.1377  0.1507  0.1501  0.1863  0.1520  0.1651  0.1369  0.1369  0.0408  0.0672  0.0347  0.0347
B56_D85762.1           0.1307  0.1518  0.1518  0.1512  0.1242  0.1370  0.1365  0.1720  0.1381  0.1512  0.1235  0.1235  0.0777  0.1055  0.0711  0.0711  0.0347
B08_AJ295294.2_CDS     0.1241  0.1451  0.1451  0.1468  0.1177  0.1327  0.1322  0.1675  0.1315  0.1445  0.1170  0.1170  0.0715  0.1123  0.0712  0.0712  0.0589  0.0230
B27_LN877310.2_CDS     0.1436  0.1102  0.1102  0.1098  0.0843  0.0965  0.0962  0.1294  0.0973  0.1365  0.0838  0.0838  0.0867  0.1518  0.1088  0.1088  0.0959  0.0585  0.0709
B18_KU319250.1_CDS     0.1493  0.1707  0.1707  0.1700  0.1427  0.1556  0.1550  0.1910  0.1569  0.1699  0.1419  0.1419  0.0522  0.0787  0.0461  0.0461  0.0343  0.0461  0.0462  0.1074
B38_L36591.1           0.1236  0.1444  0.1444  0.1461  0.1171  0.1321  0.1316  0.1667  0.1309  0.1438  0.1164  0.1164  0.0712  0.1052  0.0709  0.0709  0.0587  0.0229  0.0000  0.0584  0.0460
B39_L36318.1           0.1236  0.1444  0.1444  0.1461  0.1171  0.1321  0.1316  0.1667  0.1309  0.1438  0.1164  0.1164  0.0712  0.1052  0.0709  0.0709  0.0587  0.0229  0.0000  0.0584  0.0460  0.0000
B14_HG794368.1_CDS     0.1105  0.1309  0.1309  0.1327  0.1041  0.1189  0.1185  0.1530  0.1176  0.1304  0.1035  0.1035  0.0590  0.0925  0.0588  0.0588  0.0711  0.0347  0.0114  0.0464  0.0580  0.0114  0.0114
B37_AJ310358.1_CDS     0.1230  0.1437  0.1437  0.1455  0.1166  0.1315  0.1310  0.1659  0.1303  0.1431  0.1159  0.1159  0.0229  0.0465  0.0228  0.0228  0.0345  0.0464  0.0465  0.0827  0.0225  0.0463  0.0463  0.0345
