A30_EU445478.2_CDS   
A32_HG794386.1_CDS     0.0283
A74_HG965151.1_CDS     0.0283  0.0000
A01_AJ278305.2_CDS     0.0319  0.0175  0.0175
A26_HG794395.1_CDS     0.0301  0.0140  0.0140  0.0158
A11_HG794391.1_CDS     0.0283  0.0176  0.0176  0.0070  0.0087
A03_HG794390.1_CDS     0.0212  0.0140  0.0140  0.0105  0.0194  0.0105
A29_LN999852.1_CDS     0.0283  0.0211  0.0211  0.0247  0.0247  0.0212  0.0141
A31_M84375.1           0.0175  0.0175  0.0175  0.0283  0.0211  0.0247  0.0176  0.0105
A02_AJ555412.1_CDS     0.0428  0.0319  0.0319  0.0392  0.0319  0.0392  0.0284  0.0374  0.0373
A23_HG794379.1_CDS     0.0319  0.0283  0.0283  0.0374  0.0319  0.0338  0.0266  0.0265  0.0247  0.0211
A24_HG794380.1_CDS     0.0319  0.0283  0.0283  0.0374  0.0319  0.0338  0.0266  0.0265  0.0247  0.0211  0.0000
B13_HM484300.1_CDS     0.0855  0.0700  0.0700  0.0849  0.0700  0.0772  0.0812  0.0869  0.0854  0.0826  0.0827  0.0827
B51_M68964.1           0.0768  0.0596  0.0596  0.0742  0.0634  0.0667  0.0706  0.0762  0.0748  0.0692  0.0648  0.0648  0.0430
B58_AJ420241.2_CDS     0.0730  0.0597  0.0597  0.0750  0.0597  0.0674  0.0713  0.0770  0.0749  0.0712  0.0712  0.0712  0.0230  0.0284
B35_AJ420239.1_CDS     0.0730  0.0597  0.0597  0.0750  0.0597  0.0674  0.0713  0.0770  0.0749  0.0712  0.0712  0.0712  0.0230  0.0284  0.0000
B15_HG794370.1_CDS     0.0673  0.0541  0.0541  0.0692  0.0541  0.0617  0.0655  0.0712  0.0691  0.0616  0.0579  0.0579  0.0266  0.0260  0.0177  0.0177
B56_D85762.1           0.0711  0.0578  0.0578  0.0730  0.0578  0.0655  0.0693  0.0750  0.0729  0.0654  0.0617  0.0617  0.0375  0.0260  0.0177  0.0177  0.0105
B08_AJ295294.2_CDS     0.0846  0.0710  0.0710  0.0820  0.0710  0.0743  0.0783  0.0840  0.0825  0.0788  0.0750  0.0750  0.0542  0.0387  0.0468  0.0468  0.0394  0.0284
B27_LN877310.2_CDS     0.0712  0.0504  0.0504  0.0617  0.0541  0.0542  0.0581  0.0637  0.0616  0.0693  0.0618  0.0618  0.0647  0.0499  0.0581  0.0581  0.0506  0.0395  0.0431
B18_KU319250.1_CDS     0.0733  0.0599  0.0599  0.0753  0.0599  0.0676  0.0716  0.0734  0.0713  0.0676  0.0638  0.0638  0.0488  0.0371  0.0286  0.0286  0.0249  0.0249  0.0432  0.0396
B38_L36591.1           0.0731  0.0560  0.0560  0.0706  0.0560  0.0630  0.0669  0.0725  0.0711  0.0636  0.0598  0.0598  0.0394  0.0333  0.0358  0.0358  0.0285  0.0177  0.0285  0.0322  0.0213
B39_L36318.1           0.0731  0.0560  0.0560  0.0706  0.0560  0.0630  0.0669  0.0725  0.0711  0.0636  0.0598  0.0598  0.0394  0.0333  0.0358  0.0358  0.0285  0.0177  0.0285  0.0322  0.0213  0.0000
B14_HG794368.1_CDS     0.0730  0.0559  0.0559  0.0705  0.0559  0.0629  0.0668  0.0725  0.0710  0.0635  0.0598  0.0598  0.0468  0.0406  0.0431  0.0431  0.0357  0.0248  0.0357  0.0321  0.0286  0.0070  0.0070
B37_AJ310358.1_CDS     0.0693  0.0523  0.0523  0.0668  0.0523  0.0593  0.0631  0.0650  0.0636  0.0637  0.0599  0.0599  0.0431  0.0394  0.0358  0.0358  0.0395  0.0395  0.0469  0.0395  0.0214  0.0213  0.0213  0.0213
