Supplemental results for CODEML (seqf: ../IMGT_GenBank-alpha1alpha2-nonAlphaHelices-nuc.paml  treef: )


pairwise comparison (Goldman & Yang 1994)
seq seq        N       S       dN       dS     dN/dS   Paras.
  2   1    329.1     45.9   0.0252   0.1946   0.1297   0.1379   7.4679   0.1297  -534.908
  3   1    329.1     45.9   0.0252   0.1946   0.1297   0.1379   7.4679   0.1297  -534.908
  3   2    334.1     40.9   0.0000   0.0000   0.0010   0.0000   5.9408   0.0010  -454.662
  4   1    328.1     46.9   0.0285   0.1577   0.1804   0.1339   5.1863   0.1804  -536.482
  4   2    334.6     40.4   0.0154   0.0911   0.1692   0.0707  19.2193   0.1692  -498.570
  4   3    334.6     40.4   0.0154   0.0911   0.1692   0.0707  19.2193   0.1692  -498.570
  5   1    329.7     45.3   0.0270   0.1963   0.1374   0.1423   2.5706   0.1374  -542.284
  5   2    334.0     41.0   0.0121   0.1136   0.1070   0.0697   2.8286   0.1070  -498.286
  5   3    334.0     41.0   0.0121   0.1136   0.1070   0.0697   2.8286   0.1070  -498.286
  5   4    334.3     40.7   0.0144   0.0936   0.1543   0.0691   4.4977   0.1543  -502.766
  6   1    328.9     46.1   0.0250   0.1852   0.1349   0.1341   2.9823   0.1349  -537.260
  6   2    334.4     40.6   0.0153   0.1187   0.1288   0.0795   5.6624   0.1288  -505.832
  6   3    334.4     40.6   0.0153   0.1187   0.1288   0.0795   5.6624   0.1288  -505.832
  6   4    331.0     44.0   0.0060   0.0248   0.2434   0.0248   1.2791   0.2434  -478.035
  6   5    337.1     37.9   0.0082   0.0696   0.1184   0.0433  11.1668   0.1184  -484.046
  7   1    328.8     46.2   0.0187   0.1306   0.1429   0.0973   4.6234   0.1429  -520.100
  7   2    337.1     37.9   0.0122   0.0652   0.1872   0.0527 999.0000   0.1872  -487.047
  7   3    337.1     37.9   0.0122   0.0652   0.1872   0.0527 999.0000   0.1872  -487.047
  7   4    333.8     41.2   0.0091   0.0277   0.3293   0.0335   7.7016   0.3293  -481.540
  7   5    333.7     41.3   0.0179   0.0581   0.3084   0.0670   2.6010   0.3084  -503.079
  7   6    331.8     43.2   0.0091   0.0516   0.1765   0.0420   1.7823   0.1765  -487.919
  8   1    327.9     47.1   0.0253   0.2099   0.1203   0.1454   4.4027   0.1203  -541.489
  8   2    333.3     41.7   0.0185   0.0268   0.6904   0.0583   6.2550   0.6904  -496.944
  8   3    333.3     41.7   0.0185   0.0268   0.6904   0.0583   6.2550   0.6904  -496.944
  8   4    332.6     42.4   0.0218   0.1115   0.1960   0.0959   7.1335   0.1960  -516.359
  8   5    333.0     42.0   0.0216   0.1378   0.1568   0.1038   2.7071   0.1568  -518.530
  8   6    332.4     42.6   0.0185   0.1371   0.1351   0.0959   3.2846   0.1351  -517.479
  8   7    333.6     41.4   0.0123   0.0839   0.1463   0.0605   6.8901   0.1463  -498.241
  9   1    329.9     45.1   0.0155   0.1574   0.0983   0.0976   3.1483   0.0983  -519.807
  9   2    337.2     37.8   0.0153   0.0301   0.5082   0.0504  12.7719   0.5082  -488.784
  9   3    337.2     37.8   0.0153   0.0301   0.5082   0.0504  12.7720   0.5082  -488.784
  9   4    335.9     39.1   0.0249   0.0592   0.4212   0.0855  10.3624   0.4212  -508.299
  9   5    334.6     40.4   0.0183   0.0841   0.2176   0.0761   2.1243   0.2176  -502.955
  9   6    335.3     39.7   0.0215   0.0871   0.2470   0.0854   3.9963   0.2470  -510.587
  9   7    337.4     37.6   0.0153   0.0303   0.5047   0.0504  12.7579   0.5047  -489.650
  9   8    336.0     39.0   0.0091   0.0582   0.1570   0.0427  10.8108   0.1570  -484.722
 10   1    324.7     50.3   0.0376   0.1510   0.2489   0.1584   3.9210   0.2489  -558.385
 10   2    328.9     46.1   0.0282   0.1577   0.1789   0.1324   3.0344   0.1789  -537.823
 10   3    328.9     46.1   0.0282   0.1577   0.1789   0.1324   3.0344   0.1789  -537.823
 10   4    328.2     46.8   0.0350   0.0960   0.3644   0.1279   2.2008   0.3644  -541.780
 10   5    329.7     45.3   0.0280   0.1571   0.1782   0.1307   1.7143   0.1782  -537.124
 10   6    328.7     46.3   0.0346   0.1246   0.2774   0.1370   1.5160   0.2774  -546.185
 10   7    328.5     46.5   0.0246   0.1293   0.1900   0.1126   2.2300   0.1900  -532.396
 10   8    328.0     47.0   0.0322   0.2004   0.1608   0.1599   2.6163   0.1608  -550.536
 10   9    330.0     45.0   0.0314   0.1293   0.2426   0.1293   2.2597   0.2426  -538.752
 11   1    327.9     47.1   0.0280   0.1002   0.2795   0.1112   2.1710   0.2795  -537.957
 11   2    332.0     43.0   0.0246   0.0530   0.4632   0.0835   2.5755   0.4632  -515.309
 11   3    332.0     43.0   0.0246   0.0530   0.4632   0.0835   2.5755   0.4632  -515.309
 11   4    331.5     43.5   0.0327   0.0380   0.8614   0.0999   2.5056   0.8614  -526.048
 11   5    330.1     44.9   0.0276   0.0499   0.5541   0.0909   0.5417   0.5541  -518.533
 11   6    330.9     44.1   0.0288   0.0677   0.4263   0.1002   1.2639   0.4263  -526.881
 11   7    330.5     44.5   0.0245   0.0002  99.0000   0.0648   1.4289  99.0000  -507.219
 11   8    329.9     45.1   0.0223   0.0944   0.2364   0.0930   1.4882   0.2364  -521.035
 11   9    330.5     44.5   0.0214   0.0245   0.8735   0.0654   0.8144   0.8735  -504.601
 11  10    328.1     46.9   0.0186   0.0968   0.1918   0.0851   1.6961   0.1918  -519.865
 12   1    327.9     47.1   0.0280   0.1002   0.2795   0.1112   2.1710   0.2795  -537.957
 12   2    332.0     43.0   0.0246   0.0530   0.4632   0.0835   2.5755   0.4632  -515.309
 12   3    332.0     43.0   0.0246   0.0530   0.4632   0.0835   2.5755   0.4632  -515.309
 12   4    331.5     43.5   0.0327   0.0380   0.8614   0.0999   2.5056   0.8614  -526.048
 12   5    330.1     44.9   0.0276   0.0499   0.5541   0.0909   0.5417   0.5541  -518.533
 12   6    330.9     44.1   0.0288   0.0677   0.4263   0.1002   1.2639   0.4263  -526.881
 12   7    330.5     44.5   0.0245   0.0002  99.0000   0.0648   1.4289  99.0000  -507.219
 12   8    329.9     45.1   0.0223   0.0944   0.2364   0.0930   1.4882   0.2364  -521.035
 12   9    330.5     44.5   0.0214   0.0245   0.8735   0.0654   0.8144   0.8735  -504.601
 12  10    328.1     46.9   0.0186   0.0968   0.1918   0.0851   1.6961   0.1918  -519.865
 12  11    336.7     38.3   0.0000   0.0000   0.0010   0.0000 999.0000   0.0010  -456.629
 13   1    329.0     46.0   0.0730   0.4214   0.1732   0.3471   2.8041   0.1732  -621.027
 13   2    332.2     42.8   0.0596   0.3853   0.1547   0.2902   2.0976   0.1547  -593.770
 13   3    332.2     42.8   0.0596   0.3853   0.1547   0.2902   2.0976   0.1547  -593.770
 13   4    332.3     42.7   0.0730   0.3918   0.1864   0.3280   2.3742   0.1864  -609.960
 13   5    333.9     41.1   0.0598   0.3171   0.1887   0.2640   2.2858   0.1887  -583.881
 13   6    333.3     41.7   0.0662   0.3585   0.1847   0.2961   2.5011   0.1847  -598.015
 13   7    332.6     42.4   0.0696   0.3545   0.1964   0.3055   2.3836   0.1964  -603.742
 13   8    331.9     43.1   0.0743   0.4498   0.1651   0.3524   2.4547   0.1651  -613.579
 13   9    333.8     41.2   0.0735   0.3553   0.2069   0.3135   2.2334   0.2069  -603.109
 13  10    329.4     45.6   0.0719   0.4189   0.1716   0.3423   2.5015   0.1716  -616.455
 13  11    331.8     43.2   0.0710   0.2882   0.2463   0.2881   1.8730   0.2463  -604.454
 13  12    331.8     43.2   0.0710   0.2882   0.2463   0.2881   1.8730   0.2463  -604.454
 14   1    325.9     49.1   0.0683   0.4101   0.1665   0.3392   3.6431   0.1665  -615.179
 14   2    329.8     45.2   0.0513   0.5122   0.1001   0.3204   2.6828   0.1001  -594.383
 14   3    329.8     45.2   0.0513   0.5122   0.1001   0.3204   2.6828   0.1001  -594.383
 14   4    329.5     45.5   0.0641   0.5262   0.1217   0.3603   2.9195   0.1217  -610.751
 14   5    331.1     43.9   0.0546   0.4298   0.1270   0.2957   2.3604   0.1270  -589.966
 14   6    330.6     44.4   0.0571   0.4948   0.1155   0.3268   3.1448   0.1155  -598.663
 14   7    330.1     44.9   0.0605   0.4926   0.1229   0.3369   3.0053   0.1229  -604.743
 14   8    329.2     45.8   0.0659   0.5749   0.1147   0.3844   3.0013   0.1147  -614.004
 14   9    331.3     43.7   0.0650   0.4826   0.1348   0.3409   2.7980   0.1348  -604.375
 14  10    326.2     48.8   0.0594   0.4724   0.1258   0.3394   2.5707   0.1258  -609.831
 14  11    329.9     45.1   0.0527   0.4909   0.1073   0.3161   3.0383   0.1073  -598.484
 14  12    329.9     45.1   0.0527   0.4909   0.1073   0.3161   3.0383   0.1073  -598.484
 14  13    329.7     45.3   0.0375   0.1013   0.3702   0.1356   1.9681   0.3702  -547.588
 15   1    328.5     46.5   0.0642   0.3431   0.1873   0.2964   2.6488   0.1873  -604.739
 15   2    331.7     43.3   0.0509   0.4343   0.1172   0.2855   1.9594   0.1172  -584.843
 15   3    331.7     43.3   0.0509   0.4343   0.1172   0.2855   1.9594   0.1172  -584.843
 15   4    331.8     43.2   0.0640   0.4429   0.1446   0.3230   2.2543   0.1446  -601.732
 15   5    333.4     41.6   0.0508   0.3700   0.1373   0.2586   2.1460   0.1373  -574.823
 15   6    332.8     42.2   0.0572   0.4109   0.1392   0.2909   2.3766   0.1392  -589.431
 15   7    332.1     42.9   0.0606   0.4066   0.1490   0.3004   2.2730   0.1490  -595.593
 15   8    331.4     43.6   0.0655   0.4968   0.1318   0.3470   2.3332   0.1318  -605.308
 15   9    333.3     41.7   0.0644   0.4095   0.1572   0.3083   2.1177   0.1572  -595.066
 15  10    329.0     46.0   0.0620   0.4008   0.1547   0.3105   2.5951   0.1547  -602.083
 15  11    331.3     43.7   0.0609   0.3538   0.1722   0.2852   1.7891   0.1722  -596.878
 15  12    331.3     43.7   0.0609   0.3538   0.1722   0.2852   1.7891   0.1722  -596.878
 15  13    333.8     41.2   0.0209   0.0593   0.3523   0.0753   3.1877   0.3523  -508.777
 15  14    329.1     45.9   0.0249   0.0974   0.2557   0.1013   1.8228   0.2557  -525.394
 16   1    328.5     46.5   0.0642   0.3431   0.1873   0.2964   2.6488   0.1873  -604.739
 16   2    331.7     43.3   0.0509   0.4343   0.1172   0.2855   1.9594   0.1172  -584.843
 16   3    331.7     43.3   0.0509   0.4343   0.1172   0.2855   1.9594   0.1172  -584.843
 16   4    331.8     43.2   0.0640   0.4429   0.1446   0.3230   2.2543   0.1446  -601.732
 16   5    333.4     41.6   0.0508   0.3700   0.1373   0.2586   2.1460   0.1373  -574.823
 16   6    332.8     42.2   0.0572   0.4109   0.1392   0.2909   2.3766   0.1392  -589.431
 16   7    332.1     42.9   0.0606   0.4066   0.1490   0.3004   2.2730   0.1490  -595.593
 16   8    331.4     43.6   0.0655   0.4968   0.1318   0.3470   2.3332   0.1318  -605.308
 16   9    333.3     41.7   0.0644   0.4095   0.1572   0.3083   2.1177   0.1572  -595.066
 16  10    329.0     46.0   0.0620   0.4008   0.1547   0.3105   2.5951   0.1547  -602.083
 16  11    331.3     43.7   0.0609   0.3538   0.1722   0.2852   1.7891   0.1722  -596.878
 16  12    331.3     43.7   0.0609   0.3538   0.1722   0.2852   1.7891   0.1722  -596.878
 16  13    333.8     41.2   0.0209   0.0593   0.3523   0.0753   3.1877   0.3523  -508.777
 16  14    329.1     45.9   0.0249   0.0974   0.2557   0.1013   1.8228   0.2557  -525.394
 16  15    332.2     42.8   0.0000   0.0000   0.1893   0.0000   2.1898   0.1893  -455.110
 17   1    328.9     46.1   0.0605   0.3162   0.1912   0.2758   2.7207   0.1912  -597.728
 17   2    331.8     43.2   0.0473   0.4005   0.1182   0.2639   1.9687   0.1182  -577.813
 17   3    331.8     43.2   0.0473   0.4005   0.1182   0.2639   1.9687   0.1182  -577.813
 17   4    332.1     42.9   0.0603   0.4102   0.1471   0.3012   2.2893   0.1471  -594.872
 17   5    333.7     41.3   0.0472   0.3385   0.1395   0.2379   2.1671   0.1395  -567.465
 17   6    333.1     41.9   0.0536   0.3789   0.1414   0.2696   2.4201   0.1414  -582.294
 17   7    332.4     42.6   0.0569   0.3752   0.1518   0.2793   2.3064   0.1518  -588.515
 17   8    331.7     43.3   0.0618   0.4636   0.1333   0.3248   2.3784   0.1333  -598.582
 17   9    333.5     41.5   0.0607   0.3775   0.1607   0.2871   2.1413   0.1607  -588.171
 17  10    329.2     45.8   0.0548   0.3689   0.1485   0.2794   2.4690   0.1485  -591.407
 17  11    331.8     43.2   0.0505   0.3301   0.1531   0.2481   2.0598   0.1531  -580.066
 17  12    331.8     43.2   0.0505   0.3301   0.1531   0.2481   2.0598   0.1531  -580.066
 17  13    334.3     40.7   0.0238   0.0917   0.2593   0.0934   3.2487   0.2593  -517.563
 17  14    330.8     44.2   0.0200   0.1687   0.1188   0.1127   3.2510   0.1188  -524.097
 17  15    331.2     43.8   0.0154   0.0746   0.2058   0.0668   1.6108   0.2058  -499.644
 17  16    331.2     43.8   0.0154   0.0746   0.2058   0.0668   1.6108   0.2058  -499.644
 18   1    329.3     45.7   0.0642   0.2902   0.2211   0.2751   3.1106   0.2211  -598.007
 18   2    332.7     42.3   0.0506   0.3770   0.1343   0.2624   2.2796   0.1343  -578.805
 18   3    332.7     42.3   0.0506   0.3770   0.1343   0.2624   2.2796   0.1343  -578.805
 18   4    332.7     42.3   0.0639   0.3836   0.1666   0.2999   2.6036   0.1666  -596.164
 18   5    334.5     40.5   0.0505   0.3142   0.1608   0.2370   2.5244   0.1608  -568.078
 18   6    333.8     41.2   0.0571   0.3522   0.1622   0.2686   2.7687   0.1622  -582.899
 18   7    333.1     41.9   0.0605   0.3489   0.1734   0.2781   2.6243   0.1734  -589.171
 18   8    332.3     42.7   0.0654   0.4385   0.1491   0.3235   2.6780   0.1491  -599.359
 18   9    334.3     40.7   0.0641   0.3522   0.1820   0.2861   2.4365   0.1820  -588.771
 18  10    329.7     45.3   0.0583   0.3450   0.1689   0.2787   2.8249   0.1689  -592.092
 18  11    332.7     42.3   0.0538   0.3063   0.1758   0.2471   2.3862   0.1758  -580.928
 18  12    332.7     42.3   0.0538   0.3063   0.1758   0.2471   2.3862   0.1758  -580.928
 18  13    334.5     40.5   0.0330   0.1914   0.1723   0.1503   3.2398   0.1723  -541.046
 18  14    331.4     43.6   0.0196   0.2687   0.0730   0.1458   3.7771   0.0730  -532.533
 18  15    333.0     42.0   0.0153   0.1636   0.0936   0.0957   2.4292   0.0936  -510.494
 18  16    333.0     42.0   0.0153   0.1636   0.0936   0.0957   2.4292   0.0936  -510.494
 18  17    334.1     40.9   0.0091   0.0806   0.1132   0.0508   2.9586   0.1132  -487.229
 19   1    329.5     45.5   0.0721   0.3079   0.2343   0.3023   2.5253   0.2343  -609.578
 19   2    332.5     42.5   0.0608   0.3702   0.1642   0.2875   1.8481   0.1642  -591.658
 19   3    332.5     42.5   0.0608   0.3702   0.1642   0.2875   1.8481   0.1642  -591.658
 19   4    332.5     42.5   0.0683   0.4009   0.1703   0.3178   2.0080   0.1703  -603.730
 19   5    334.2     40.8   0.0607   0.3065   0.1981   0.2623   1.9947   0.1981  -581.069
 19   6    333.5     41.5   0.0614   0.3695   0.1662   0.2865   2.0782   0.1662  -590.883
 19   7    332.8     42.2   0.0647   0.3651   0.1773   0.2958   1.9980   0.1773  -596.968
 19   8    332.8     42.2   0.0721   0.4478   0.1610   0.3431   2.6577   0.1610  -606.915
 19   9    334.8     40.2   0.0710   0.3556   0.1997   0.3046   2.4295   0.1997  -596.305
 19  10    329.8     45.2   0.0686   0.3410   0.2012   0.3042   2.2857   0.2012  -605.639
 19  11    332.5     42.5   0.0641   0.2978   0.2154   0.2718   1.9170   0.2154  -593.007
 19  12    332.5     42.5   0.0641   0.2978   0.2154   0.2718   1.9170   0.2154  -593.007
 19  13    331.2     43.8   0.0469   0.1600   0.2929   0.1802   1.0251   0.2929  -560.392
 19  14    330.0     45.0   0.0296   0.2824   0.1050   0.1798   1.8018   0.1050  -552.874
 19  15    331.3     43.7   0.0406   0.1577   0.2574   0.1628   1.1906   0.2574  -548.448
 19  16    331.3     43.7   0.0406   0.1577   0.2574   0.1628   1.1906   0.2574  -548.448
 19  17    330.0     45.0   0.0342   0.1258   0.2720   0.1356   0.8654   0.2720  -534.208
 19  18    328.6     46.4   0.0247   0.0473   0.5227   0.0826   0.4000   0.5227  -506.470
 20   1    329.2     45.8   0.0614   0.3598   0.1707   0.2935   2.3329   0.1707  -601.223
 20   2    333.0     42.0   0.0438   0.2719   0.1609   0.2080   2.2385   0.1609  -562.642
 20   3    333.0     42.0   0.0438   0.2719   0.1609   0.2080   2.2385   0.1609  -562.642
 20   4    332.9     42.1   0.0514   0.3079   0.1671   0.2406   2.5300   0.1671  -577.509
 20   5    335.1     39.9   0.0470   0.2160   0.2176   0.1949   2.8171   0.2176  -554.498
 20   6    334.1     40.9   0.0447   0.2794   0.1601   0.2110   2.7281   0.1601  -563.266
 20   7    333.3     41.7   0.0480   0.2749   0.1746   0.2197   2.5365   0.1746  -569.951
 20   8    332.4     42.6   0.0547   0.3269   0.1673   0.2568   2.4949   0.1673  -581.187
 20   9    334.3     40.7   0.0535   0.2440   0.2194   0.2226   2.2124   0.2194  -569.579
 20  10    329.8     45.2   0.0612   0.3217   0.1901   0.2777   2.4575   0.1901  -594.591
 20  11    332.5     42.5   0.0535   0.2015   0.2657   0.2110   1.9811   0.2657  -572.761
 20  12    332.5     42.5   0.0535   0.2015   0.2657   0.2110   1.9811   0.2657  -572.761
 20  13    332.8     42.2   0.0561   0.2065   0.2718   0.2191   1.8006   0.2718  -572.992
 20  14    330.8     44.2   0.0402   0.4024   0.1000   0.2488   2.5723   0.1000  -571.412
 20  15    332.6     42.4   0.0503   0.2615   0.1924   0.2226   1.8683   0.1924  -567.588
 20  16    332.6     42.4   0.0503   0.2615   0.1924   0.2226   1.8683   0.1924  -567.588
 20  17    333.7     41.3   0.0439   0.2373   0.1848   0.1954   2.4574   0.1848  -555.657
 20  18    333.6     41.4   0.0340   0.1425   0.2386   0.1380   2.1825   0.2386  -532.504
 20  19    332.6     42.4   0.0372   0.1652   0.2251   0.1550   1.3742   0.2251  -539.959
 21   1    329.2     45.8   0.0641   0.3513   0.1826   0.2976   3.1507   0.1826  -605.122
 21   2    332.5     42.5   0.0509   0.4446   0.1144   0.2863   2.3958   0.1144  -584.575
 21   3    332.5     42.5   0.0509   0.4446   0.1144   0.2863   2.3958   0.1144  -584.575
 21   4    332.6     42.4   0.0640   0.4531   0.1411   0.3239   2.6863   0.1411  -601.152
 21   5    334.3     40.7   0.0507   0.3799   0.1335   0.2592   2.6282   0.1335  -574.073
 21   6    333.7     41.3   0.0571   0.4228   0.1349   0.2919   2.8670   0.1349  -588.571
 21   7    333.0     42.0   0.0605   0.4191   0.1443   0.3018   2.7353   0.1443  -594.909
 21   8    332.0     43.0   0.0619   0.5043   0.1227   0.3380   2.5983   0.1227  -601.341
 21   9    333.9     41.1   0.0609   0.4151   0.1466   0.2990   2.3578   0.1466  -591.221
 21  10    329.6     45.4   0.0584   0.4079   0.1431   0.3021   2.8994   0.1431  -599.058
 21  11    332.6     42.4   0.0541   0.3708   0.1459   0.2698   2.4987   0.1459  -586.616
 21  12    332.6     42.4   0.0541   0.3708   0.1459   0.2698   2.4987   0.1459  -586.616
 21  13    335.2     39.8   0.0432   0.1236   0.3498   0.1553   4.2175   0.3498  -547.337
 21  14    332.0     43.0   0.0299   0.2053   0.1459   0.1501   5.1806   0.1459  -542.310
 21  15    334.5     40.5   0.0247   0.1105   0.2232   0.1018   3.8152   0.2232  -520.354
 21  16    334.5     40.5   0.0247   0.1105   0.2232   0.1018   3.8152   0.2232  -520.354
 21  17    335.4     39.6   0.0215   0.0833   0.2577   0.0840   4.1184   0.2577  -509.456
 21  18    334.7     40.3   0.0214   0.1111   0.1929   0.0932   3.3878   0.1929  -512.415
 21  19    332.2     42.8   0.0373   0.1039   0.3593   0.1348   1.5654   0.3593  -531.237
 21  20    333.0     42.0   0.0341   0.2614   0.1303   0.1786   2.0194   0.1303  -547.324
 22   1    329.6     45.4   0.0643   0.2894   0.2223   0.2747   3.1100   0.2223  -601.610
 22   2    332.7     42.3   0.0475   0.3716   0.1279   0.2522   2.0766   0.1279  -578.249
 22   3    332.7     42.3   0.0475   0.3716   0.1279   0.2522   2.0766   0.1279  -578.249
 22   4    332.8     42.2   0.0605   0.3810   0.1587   0.2896   2.4093   0.1587  -595.984
 22   5    334.5     40.5   0.0475   0.3089   0.1536   0.2271   2.3018   0.1536  -567.765
 22   6    333.9     41.1   0.0538   0.3496   0.1538   0.2586   2.5510   0.1538  -582.727
 22   7    333.2     41.8   0.0571   0.3459   0.1651   0.2680   2.4201   0.1651  -588.916
 22   8    332.4     42.6   0.0619   0.4365   0.1417   0.3132   2.4877   0.1417  -599.114
 22   9    334.3     40.7   0.0609   0.3464   0.1759   0.2757   2.2483   0.1759  -588.455
 22  10    329.9     45.1   0.0550   0.3424   0.1606   0.2686   2.6211   0.1606  -592.626
 22  11    332.7     42.3   0.0508   0.3005   0.1690   0.2369   2.1741   0.1690  -579.930
 22  12    332.7     42.3   0.0508   0.3005   0.1690   0.2369   2.1741   0.1690  -579.930
 22  13    333.0     42.0   0.0340   0.1670   0.2039   0.1468   1.9050   0.2039  -544.391
 22  14    331.0     44.0   0.0261   0.2625   0.0994   0.1615   2.8085   0.0994  -546.958
 22  15    333.8     41.2   0.0310   0.1683   0.1839   0.1381   2.7541   0.1839  -536.697
 22  16    333.8     41.2   0.0310   0.1683   0.1839   0.1381   2.7541   0.1839  -536.697
 22  17    333.6     41.4   0.0246   0.1368   0.1799   0.1109   2.4141   0.1799  -522.534
 22  18    333.2     41.8   0.0152   0.0525   0.2896   0.0581   1.9774   0.2896  -495.499
 22  19    329.3     45.7   0.0246   0.0002  99.0000   0.0649   0.4000  99.0000  -495.253
 22  20    332.8     42.2   0.0276   0.1377   0.2007   0.1201   1.5541   0.2007  -526.836
 22  21    337.5     37.5   0.0182   0.1234   0.1476   0.0862   6.8912   0.1476  -502.976
 23   1    329.6     45.4   0.0643   0.2894   0.2223   0.2747   3.1100   0.2223  -601.610
 23   2    332.7     42.3   0.0475   0.3716   0.1279   0.2522   2.0766   0.1279  -578.249
 23   3    332.7     42.3   0.0475   0.3716   0.1279   0.2522   2.0766   0.1279  -578.249
 23   4    332.8     42.2   0.0605   0.3810   0.1587   0.2896   2.4093   0.1587  -595.984
 23   5    334.5     40.5   0.0475   0.3089   0.1536   0.2271   2.3018   0.1536  -567.765
 23   6    333.9     41.1   0.0538   0.3496   0.1538   0.2586   2.5510   0.1538  -582.727
 23   7    333.2     41.8   0.0571   0.3459   0.1651   0.2680   2.4201   0.1651  -588.916
 23   8    332.4     42.6   0.0619   0.4365   0.1417   0.3132   2.4877   0.1417  -599.114
 23   9    334.3     40.7   0.0609   0.3464   0.1759   0.2757   2.2483   0.1759  -588.455
 23  10    329.9     45.1   0.0550   0.3424   0.1606   0.2686   2.6211   0.1606  -592.626
 23  11    332.7     42.3   0.0508   0.3005   0.1690   0.2369   2.1741   0.1690  -579.930
 23  12    332.7     42.3   0.0508   0.3005   0.1690   0.2369   2.1741   0.1690  -579.930
 23  13    333.0     42.0   0.0340   0.1670   0.2039   0.1468   1.9050   0.2039  -544.391
 23  14    331.0     44.0   0.0261   0.2625   0.0994   0.1615   2.8085   0.0994  -546.958
 23  15    333.8     41.2   0.0310   0.1683   0.1839   0.1381   2.7541   0.1839  -536.697
 23  16    333.8     41.2   0.0310   0.1683   0.1839   0.1381   2.7541   0.1839  -536.697
 23  17    333.6     41.4   0.0246   0.1368   0.1799   0.1109   2.4141   0.1799  -522.534
 23  18    333.2     41.8   0.0152   0.0525   0.2896   0.0581   1.9774   0.2896  -495.499
 23  19    329.3     45.7   0.0246   0.0002  99.0000   0.0649   0.4000  99.0000  -495.253
 23  20    332.8     42.2   0.0276   0.1377   0.2007   0.1201   1.5541   0.2007  -526.836
 23  21    337.5     37.5   0.0182   0.1234   0.1476   0.0862   6.8912   0.1476  -502.976
 23  22    341.4     33.6   0.0000   0.0000   0.0010   0.0000 999.0000   0.0010  -452.921
 24   1    328.3     46.7   0.0645   0.2428   0.2657   0.2601   2.4344   0.2657  -599.981
 24   2    331.0     44.0   0.0476   0.3160   0.1507   0.2373   1.5083   0.1507  -577.365
 24   3    331.0     44.0   0.0476   0.3160   0.1507   0.2373   1.5083   0.1507  -577.365
 24   4    331.2     43.8   0.0608   0.3226   0.1884   0.2740   1.8414   0.1884  -596.007
 24   5    332.7     42.3   0.0476   0.2590   0.1838   0.2143   1.6686   0.1838  -566.729
 24   6    332.2     42.8   0.0541   0.2919   0.1853   0.2438   1.9053   0.1853  -582.750
 24   7    331.4     43.6   0.0575   0.2881   0.1995   0.2528   1.8170   0.1995  -588.671
 24   8    330.8     44.2   0.0620   0.3757   0.1650   0.2969   1.9297   0.1650  -598.720
 24   9    332.6     42.4   0.0611   0.2916   0.2094   0.2614   1.7049   0.2094  -587.638
 24  10    328.5     46.5   0.0551   0.2954   0.1866   0.2547   2.0103   0.1866  -591.792
 24  11    330.9     44.1   0.0510   0.2493   0.2044   0.2229   1.5751   0.2044  -579.910
 24  12    330.9     44.1   0.0510   0.2493   0.2044   0.2229   1.5751   0.2044  -579.910
 24  13    331.7     43.3   0.0405   0.1344   0.3016   0.1541   1.6638   0.3016  -552.488
 24  14    329.6     45.4   0.0330   0.2219   0.1487   0.1675   2.4075   0.1487  -556.118
 24  15    332.3     42.7   0.0375   0.1346   0.2784   0.1455   2.3443   0.2784  -545.247
 24  16    332.3     42.7   0.0375   0.1346   0.2784   0.1455   2.3443   0.2784  -545.247
 24  17    333.2     41.8   0.0311   0.1677   0.1852   0.1388   2.8324   0.1852  -538.269
 24  18    333.3     41.7   0.0215   0.0813   0.2639   0.0843   2.6835   0.2639  -512.863
 24  19    330.6     44.4   0.0309   0.0247   1.2512   0.0904   0.9165   1.2512  -515.108
 24  20    330.3     44.7   0.0278   0.1017   0.2732   0.1098   0.7965   0.2732  -525.276
 24  21    336.0     39.0   0.0246   0.1538   0.1601   0.1142   6.6183   0.1601  -519.212
 24  22    335.7     39.3   0.0060   0.0285   0.2113   0.0251   5.4190   0.2113  -476.083
 24  23    335.7     39.3   0.0060   0.0285   0.2113   0.0251   5.4190   0.2113  -476.083
 25   1    329.1     45.9   0.0605   0.2810   0.2151   0.2624   2.4757   0.2151  -598.050
 25   2    331.5     43.5   0.0441   0.3548   0.1244   0.2404   1.5614   0.1244  -575.028
 25   3    331.5     43.5   0.0441   0.3548   0.1244   0.2404   1.5614   0.1244  -575.028
 25   4    331.9     43.1   0.0570   0.3654   0.1559   0.2772   1.8880   0.1559  -593.170
 25   5    333.3     41.7   0.0440   0.2950   0.1493   0.2159   1.7097   0.1493  -564.376
 25   6    332.9     42.1   0.0503   0.3343   0.1503   0.2465   1.9654   0.1503  -580.254
 25   7    332.1     42.9   0.0536   0.3294   0.1628   0.2556   1.8752   0.1628  -586.383
 25   8    331.2     43.8   0.0547   0.4162   0.1314   0.2907   1.8286   0.1314  -592.957
 25   9    332.8     42.2   0.0540   0.3277   0.1647   0.2542   1.5861   0.1647  -581.892
 25  10    329.4     45.6   0.0548   0.3330   0.1646   0.2659   2.2339   0.1646  -593.954
 25  11    331.8     43.2   0.0508   0.2894   0.1756   0.2348   1.8152   0.1756  -579.898
 25  12    331.8     43.2   0.0508   0.2894   0.1756   0.2348   1.8152   0.1756  -579.898
 25  13    333.6     41.4   0.0371   0.0543   0.6840   0.1171   2.4782   0.6840  -537.031
 25  14    330.1     44.9   0.0344   0.1009   0.3411   0.1271   2.2466   0.3411  -545.196
 25  15    334.4     40.6   0.0309   0.0544   0.5675   0.1002   3.5111   0.5675  -525.104
 25  16    334.4     40.6   0.0309   0.0544   0.5675   0.1002   3.5111   0.5675  -525.104
 25  17    334.9     40.1   0.0341   0.0835   0.4085   0.1181   3.5155   0.4085  -531.377
 25  18    334.6     40.4   0.0340   0.1124   0.3027   0.1274   3.0882   0.3027  -534.367
 25  19    331.3     43.7   0.0404   0.1025   0.3941   0.1429   1.0738   0.3941  -540.603
 25  20    330.4     44.6   0.0340   0.1833   0.1857   0.1554   0.7946   0.1857  -544.648
 25  21    337.9     37.1   0.0182   0.0608   0.3000   0.0673   8.1267   0.3000  -499.898
 25  22    334.6     40.4   0.0183   0.1125   0.1622   0.0852   2.8517   0.1622  -509.992
 25  23    334.6     40.4   0.0183   0.1125   0.1622   0.0852   2.8517   0.1622  -509.992
 25  24    331.0     44.0   0.0184   0.0757   0.2425   0.0753   1.3291   0.2425  -507.434

