A01_AJ278305.2_CDS   
A11_HG794391.1_CDS     0.0000
A03_HG794390.1_CDS     0.0491  0.0785
A24_HG794380.1_CDS     0.0235  0.0245  0.0508
A26_HG794395.1_CDS     0.0000  0.0000  0.0259  0.0251
A02_AJ555412.1_CDS     0.0491  0.0785  0.0000  0.0508  0.0259
B15_HG794370.1_CDS     0.0000  0.0000  0.0000  0.0000  0.0000  0.0000
B56_D85762.1           0.0000  0.0000  0.0000  0.0000  0.0000  0.0000  0.0000
B51_M68964.1           0.0000  0.0000  0.0500  0.0000  0.0247  0.0500  0.0243  0.0243
B58_AJ420241.2_CDS     0.0000  0.0000  0.0492  0.0000  0.0243  0.0492  0.0239  0.0239  0.0000
B35_AJ420239.1_CDS     0.0000  0.0000  0.0492  0.0000  0.0243  0.0492  0.0239  0.0239  0.0000  0.0000
B27_LN877310.2_CDS     0.0000  0.0000  0.0505  0.0000  0.0249  0.0505  0.0245  0.0245  0.0000  0.0000  0.0000
B13_HM484300.1_CDS     0.0000  0.0000  0.0505  0.0000  0.0249  0.0505  0.0245  0.0245  0.0000  0.0000  0.0000  0.0000
A23_HG794379.1_CDS     0.0466  0.0741  0.0000  0.0481  0.0244  0.0000  0.0000  0.0000  0.0473  0.0467  0.0467  0.0478  0.0478
B14_HG794368.1_CDS     0.0234  0.0245  0.0507  0.0000  0.0509  0.0507  0.0246  0.0246  0.0000  0.0000  0.0000  0.0000  0.0000  0.0480
B18_KU319250.1_CDS     0.0231  0.0241  0.0499  0.0000  0.0501  0.0499  0.0242  0.0242  0.0000  0.0000  0.0000  0.0000  0.0000  0.0472  0.0000
A30_EU445478.2_CDS     0.0485  0.0774  0.0000  0.0501  0.0255  0.0000  0.0000  0.0000  0.0493  0.0486  0.0486  0.0498  0.0498  0.0000  0.0500  0.0492
B38_L36591.1           0.0230  0.0240  0.0497  0.0000  0.0499  0.0497  0.0241  0.0241  0.0000  0.0000  0.0000  0.0000  0.0000  0.0470  0.0000  0.0000  0.0490
B39_L36318.1           0.0230  0.0240  0.0497  0.0000  0.0499  0.0497  0.0241  0.0241  0.0000  0.0000  0.0000  0.0000  0.0000  0.0470  0.0000  0.0000  0.0490  0.0000
B08_AJ295294.2_CDS     0.0480  0.0246  0.0124  0.0000  0.0381  0.0124  0.0123  0.0123  0.0240  0.0236  0.0236  0.0242  0.0242  0.0118  0.0243  0.0239  0.0123  0.0238  0.0238
B37_AJ310358.1_CDS     0.0480  0.0246  0.0124  0.0000  0.0381  0.0124  0.0123  0.0123  0.0240  0.0236  0.0236  0.0242  0.0242  0.0118  0.0243  0.0239  0.0123  0.0238  0.0238  0.0000
A29_LN999852.1_CDS     0.0474  0.0756  0.0000  0.0490  0.0249  0.0000  0.0000  0.0000  0.0483  0.0475  0.0475  0.0487  0.0487  0.0000  0.0489  0.0482  0.0000  0.0480  0.0480  0.0120  0.0120
A32_HG794386.1_CDS     0.0474  0.0756  0.0000  0.0490  0.0249  0.0000  0.0000  0.0000  0.0483  0.0475  0.0475  0.0487  0.0487  0.0000  0.0489  0.0482  0.0000  0.0480  0.0480  0.0120  0.0120  0.0000
A31_M84375.1           0.0474  0.0756  0.0000  0.0490  0.0249  0.0000  0.0000  0.0000  0.0483  0.0475  0.0475  0.0487  0.0487  0.0000  0.0489  0.0482  0.0000  0.0480  0.0480  0.0120  0.0120  0.0000  0.0000
A74_HG965151.1_CDS     0.0474  0.0756  0.0000  0.0490  0.0249  0.0000  0.0000  0.0000  0.0483  0.0475  0.0475  0.0487  0.0487  0.0000  0.0489  0.0482  0.0000  0.0480  0.0480  0.0120  0.0120  0.0000  0.0000  0.0000
