A01_AJ278305.2_CDS   
A11_HG794391.1_CDS     0.0804
A03_HG794390.1_CDS     0.1506  0.0705
A24_HG794380.1_CDS     0.0892  0.0712  0.0791
A26_HG794395.1_CDS     0.1321  0.0786  0.0865  0.1396
A02_AJ555412.1_CDS     0.1506  0.0705  0.0460  0.0626  0.1034
B15_HG794370.1_CDS     0.1513  0.0960  0.0954  0.1496  0.0461  0.1126
B56_D85762.1           0.1513  0.0960  0.0954  0.1496  0.0461  0.1126  0.0000
B51_M68964.1           0.1529  0.0799  0.0794  0.1328  0.0710  0.0964  0.0231  0.0231
B58_AJ420241.2_CDS     0.1537  0.0803  0.0969  0.1154  0.0882  0.0798  0.0390  0.0390  0.0155
B35_AJ420239.1_CDS     0.1537  0.0803  0.0969  0.1154  0.0882  0.0798  0.0390  0.0390  0.0155  0.0000
B27_LN877310.2_CDS     0.1714  0.0967  0.0961  0.1145  0.1046  0.0792  0.0712  0.0712  0.0472  0.0313  0.0313
B13_HM484300.1_CDS     0.1910  0.1141  0.1134  0.1324  0.1220  0.0792  0.0880  0.0880  0.0636  0.0474  0.0474  0.0154
A23_HG794379.1_CDS     0.1348  0.1238  0.0968  0.0472  0.1228  0.0797  0.0972  0.0972  0.0809  0.0643  0.0643  0.0638  0.0807
B14_HG794368.1_CDS     0.1809  0.1052  0.0626  0.1143  0.0958  0.0791  0.0711  0.0711  0.0471  0.0638  0.0638  0.0633  0.0800  0.0637
B18_KU319250.1_CDS     0.1818  0.1057  0.0795  0.0974  0.1137  0.0629  0.0883  0.0883  0.0638  0.0476  0.0476  0.0472  0.0636  0.0475  0.0154
A30_EU445478.2_CDS     0.1895  0.1046  0.0786  0.1137  0.1038  0.0786  0.0790  0.0790  0.0631  0.0635  0.0635  0.0630  0.0796  0.0634  0.0467  0.0469
B38_L36591.1           0.1821  0.1059  0.0796  0.0975  0.1138  0.0630  0.0884  0.0884  0.0639  0.0476  0.0476  0.0473  0.0637  0.0476  0.0472  0.0313  0.0469
B39_L36318.1           0.1821  0.1059  0.0796  0.0975  0.1138  0.0630  0.0884  0.0884  0.0639  0.0476  0.0476  0.0473  0.0637  0.0476  0.0472  0.0313  0.0469  0.0000
B08_AJ295294.2_CDS     0.1902  0.1049  0.1087  0.0967  0.1172  0.0915  0.0919  0.0919  0.0886  0.0720  0.0720  0.0715  0.0883  0.0761  0.0714  0.0552  0.0751  0.0553  0.0553
B37_AJ310358.1_CDS     0.1902  0.1049  0.1087  0.0967  0.1172  0.0915  0.0919  0.0919  0.0886  0.0720  0.0720  0.0715  0.0883  0.0761  0.0714  0.0552  0.0751  0.0553  0.0553  0.0000
A29_LN999852.1_CDS     0.1714  0.0881  0.0627  0.0800  0.0875  0.0465  0.0630  0.0630  0.0472  0.0313  0.0313  0.0310  0.0470  0.0312  0.0310  0.0154  0.0308  0.0154  0.0154  0.0429  0.0429
A32_HG794386.1_CDS     0.1714  0.0881  0.0627  0.0800  0.0875  0.0465  0.0630  0.0630  0.0472  0.0313  0.0313  0.0310  0.0470  0.0312  0.0310  0.0154  0.0308  0.0154  0.0154  0.0429  0.0429  0.0000
A31_M84375.1           0.1714  0.0881  0.0627  0.0800  0.0875  0.0465  0.0630  0.0630  0.0472  0.0313  0.0313  0.0310  0.0470  0.0312  0.0310  0.0154  0.0308  0.0154  0.0154  0.0429  0.0429  0.0000  0.0000
A74_HG965151.1_CDS     0.1714  0.0881  0.0627  0.0800  0.0875  0.0465  0.0630  0.0630  0.0472  0.0313  0.0313  0.0310  0.0470  0.0312  0.0310  0.0154  0.0308  0.0154  0.0154  0.0429  0.0429  0.0000  0.0000  0.0000
