Supplemental results for CODEML (seqf: ../IMGT_GenBank-alpha2-alphaHelix-nuc.paml  treef: )


pairwise comparison (Goldman & Yang 1994)
seq seq        N       S       dN       dS     dN/dS   Paras.
  2   1     75.2     11.8   0.0728   0.0007  99.0000   0.1891   3.5913  99.0000  -124.754
  3   1     74.6     12.4   0.1539   0.0209   7.3478   0.4047   0.9333   7.3478  -144.388
  3   2     75.2     11.8   0.0606   0.1895   0.3198   0.2341   0.4266   0.3198  -132.429
  4   1     75.5     11.5   0.0945   0.0010  99.0000   0.2467   5.3536  99.0000  -129.371
  4   2     75.3     11.7   0.0668   0.0332   2.0122   0.1868   0.5050   2.0122  -126.137
  4   3     75.5     11.5   0.0748   0.0876   0.8537   0.2294   0.4000   0.8537  -132.409
  5   1     75.0     12.0   0.1233   0.0012  99.0000   0.3194   2.4330  99.0000  -134.288
  5   2     75.7     11.3   0.0747   0.0008  99.0000   0.1953   3.7012  99.0000  -123.998
  5   3     75.3     11.7   0.0807   0.0428   1.8873   0.2268   0.4398   1.8873  -132.018
  5   4     75.5     11.5   0.1400   0.0014  99.0000   0.3652   1.2699  99.0000  -138.107
  6   1     75.7     11.3   0.1590   0.0151  10.5449   0.4206   2.6473  10.5449  -142.745
  6   2     76.1     10.9   0.0625   0.1884   0.3320   0.2350   2.3767   0.3320  -131.508
  6   3     75.9     11.1   0.0417   0.0004  99.0000   0.1092   1.2286  99.0000  -121.222
  6   4     76.2     10.8   0.0567   0.1055   0.5372   0.1883   1.5621   0.5372  -128.460
  6   5     76.1     10.9   0.1037   0.0063  16.5102   0.2748   1.0682  16.5102  -133.898
  7   1     74.4     12.6   0.1415   0.0014  99.0000   0.3638   2.0599  99.0000  -139.001
  7   2     75.2     11.8   0.0914   0.0009  99.0000   0.2372   2.6262  99.0000  -130.098
  7   3     74.8     12.2   0.0878   0.0009  99.0000   0.2268   1.2397  99.0000  -134.579
  7   4     75.3     11.7   0.1409   0.0014  99.0000   0.3662   2.1259  99.0000  -140.302
  7   5     75.5     11.5   0.0439   0.0004  99.0000   0.1145   4.9347  99.0000  -120.289
  7   6     75.7     11.3   0.1063   0.0011  99.0000   0.2779   2.0584  99.0000  -136.050
  8   1     74.4     12.6   0.1415   0.0014  99.0000   0.3638   2.0599  99.0000  -139.001
  8   2     75.2     11.8   0.0914   0.0009  99.0000   0.2372   2.6262  99.0000  -130.098
  8   3     74.8     12.2   0.0878   0.0009  99.0000   0.2268   1.2397  99.0000  -134.579
  8   4     75.3     11.7   0.1409   0.0014  99.0000   0.3662   2.1259  99.0000  -140.302
  8   5     75.5     11.5   0.0439   0.0004  99.0000   0.1145   4.9347  99.0000  -120.289
  8   6     75.7     11.3   0.1063   0.0011  99.0000   0.2779   2.0584  99.0000  -136.050
  8   7     74.7     12.3   0.0000   0.0000   1.9998   0.0000   2.1512   1.9998  -103.766
  9   1     74.2     12.8   0.1398   0.0014  99.0000   0.3581   1.2670  99.0000  -139.544
  9   2     74.8     12.2   0.0714   0.0007  99.0000   0.1844   0.6632  99.0000  -127.514
  9   3     74.8     12.2   0.0746   0.1007   0.7408   0.2348   2.5058   0.7408  -135.135
  9   4     75.1     11.9   0.1188   0.0012  99.0000   0.3080   0.8543  99.0000  -137.806
  9   5     75.3     11.7   0.0753   0.0008  99.0000   0.1958   3.8736  99.0000  -128.035
  9   6     75.6     11.4   0.0935   0.1028   0.9099   0.2842   3.6447   0.9099  -136.148
  9   7     74.7     12.3   0.0281   0.0006  43.7668   0.0727   2.4632  43.7668  -114.961
  9   8     74.7     12.3   0.0281   0.0006  45.2814   0.0727   2.4632  45.2814  -114.961
 10   1     74.0     13.0   0.1416   0.0014  99.0000   0.3623   2.1011  99.0000  -139.630
 10   2     74.8     12.2   0.0736   0.0007  99.0000   0.1899   1.7393  99.0000  -128.264
 10   3     74.5     12.5   0.0908   0.0971   0.9359   0.2752   1.9445   0.9359  -138.487
 10   4     74.8     12.2   0.1025   0.0010  99.0000   0.2645   1.0284  99.0000  -135.742
 10   5     74.9     12.1   0.0913   0.0009  99.0000   0.2363   2.6620  99.0000  -131.676
 10   6     75.3     11.7   0.0771   0.1001   0.7702   0.2404   5.4113   0.7702  -133.122
 10   7     74.1     12.9   0.0428   0.0004  99.0000   0.1095   1.2496  99.0000  -119.148
 10   8     74.1     12.9   0.0428   0.0004  99.0000   0.1095   1.2496  99.0000  -119.148
 10   9     73.9     13.1   0.0136   0.0001  99.0000   0.0347   0.4000  99.0000  -110.104
 11   1     74.0     13.0   0.1416   0.0014  99.0000   0.3623   2.1011  99.0000  -139.630
 11   2     74.8     12.2   0.0736   0.0007  99.0000   0.1899   1.7393  99.0000  -128.264
 11   3     74.5     12.5   0.0908   0.0971   0.9359   0.2752   1.9445   0.9359  -138.487
 11   4     74.8     12.2   0.1025   0.0010  99.0000   0.2645   1.0284  99.0000  -135.742
 11   5     74.9     12.1   0.0913   0.0009  99.0000   0.2363   2.6620  99.0000  -131.676
 11   6     75.3     11.7   0.0771   0.1001   0.7702   0.2404   5.4113   0.7702  -133.122
 11   7     74.1     12.9   0.0428   0.0004  99.0000   0.1095   1.2496  99.0000  -119.148
 11   8     74.1     12.9   0.0428   0.0004  99.0000   0.1095   1.2496  99.0000  -119.148
 11   9     73.9     13.1   0.0136   0.0001  99.0000   0.0347   0.4000  99.0000  -110.104
 11  10     73.5     13.5   0.0000   0.0000   0.0010   0.0000   0.6785   0.0010  -104.999
 12   1     74.5     12.5   0.1596   0.0016  99.0000   0.4107   2.6405  99.0000  -140.492
 12   2     75.1     11.9   0.0900   0.0009  99.0000   0.2337   2.6372  99.0000  -129.521
 12   3     74.8     12.2   0.0908   0.1006   0.9033   0.2766   1.9584   0.9033  -136.843
 12   4     75.1     11.9   0.1019   0.0010  99.0000   0.2641   1.0438  99.0000  -134.147
 12   5     75.3     11.7   0.1089   0.0011  99.0000   0.2832   3.5762  99.0000  -132.657
 12   6     75.6     11.4   0.0774   0.1039   0.7444   0.2426   5.3966   0.7444  -131.735
 12   7     74.2     12.8   0.0724   0.0007  99.0000   0.1856   0.5727  99.0000  -125.347
 12   8     74.2     12.8   0.0724   0.0007  99.0000   0.1856   0.5727  99.0000  -125.347
 12   9     74.3     12.7   0.0414   0.0004  99.0000   0.1063   0.4000  99.0000  -117.336
 12  10     73.9     13.1   0.0273   0.0003  99.0000   0.0697   0.4000  99.0000  -114.208
 12  11     73.9     13.1   0.0273   0.0003  99.0000   0.0697   0.4000  99.0000  -114.208
 13   1     74.5     12.5   0.1772   0.0018  99.0000   0.4560   2.2271  99.0000  -143.788
 13   2     75.2     11.8   0.1055   0.0011  99.0000   0.2741   2.0077  99.0000  -133.637
 13   3     74.9     12.1   0.1067   0.1001   1.0652   0.3173   1.5932   1.0652  -140.718
 13   4     75.3     11.7   0.1174   0.0012  99.0000   0.3052   0.8847  99.0000  -137.829
 13   5     75.3     11.7   0.1251   0.0013  99.0000   0.3253   2.7563  99.0000  -136.771
 13   6     75.6     11.4   0.0744   0.1033   0.7201   0.2344   2.6438   0.7201  -133.288
 13   7     74.5     12.5   0.0879   0.0009  99.0000   0.2262   0.4362  99.0000  -129.048
 13   8     74.5     12.5   0.0879   0.0009  99.0000   0.2262   0.4362  99.0000  -129.048
 13   9     74.6     12.4   0.0557   0.0006  99.0000   0.1436   0.4000  99.0000  -121.365
 13  10     74.2     12.8   0.0413   0.0004  99.0000   0.1059   0.4000  99.0000  -118.553
 13  11     74.2     12.8   0.0413   0.0004  99.0000   0.1059   0.4000  99.0000  -118.553
 13  12     74.6     12.4   0.0134   0.0001  99.0000   0.0344   0.4000  99.0000  -110.568
 14   1     74.7     12.3   0.1463   0.0115  12.6795   0.3819   3.4694  12.6795  -142.432
 14   2     74.7     12.3   0.1173   0.1355   0.8654   0.3595   1.2477   0.8654  -143.027
 14   3     74.5     12.5   0.0856   0.0009  99.0000   0.2203   0.5047  99.0000  -132.702
 14   4     75.2     11.8   0.0431   0.0963   0.4478   0.1510   2.5190   0.4478  -127.698
 14   5     74.6     12.4   0.1210   0.0012  99.0000   0.3117   0.8855  99.0000  -138.773
 14   6     75.5     11.5   0.0716   0.0007  99.0000   0.1866   1.7026  99.0000  -129.386
 14   7     73.8     13.2   0.0877   0.0009  99.0000   0.2237   0.4363  99.0000  -129.973
 14   8     73.8     13.2   0.0877   0.0009  99.0000   0.2237   0.4363  99.0000  -129.973
 14   9     74.3     12.7   0.0737   0.0933   0.7895   0.2296   1.2650   0.7895  -131.323
 14  10     74.1     12.9   0.0581   0.0910   0.6380   0.1889   1.7098   0.6380  -128.426
 14  11     74.1     12.9   0.0581   0.0910   0.6380   0.1889   1.7098   0.6380  -128.426
 14  12     74.4     12.6   0.0578   0.0944   0.6123   0.1894   1.7228   0.6123  -127.014
 14  13     74.4     12.6   0.0729   0.0936   0.7785   0.2276   1.2967   0.7785  -131.181
 15   1     74.3     12.7   0.1801   0.0018  99.0000   0.4622   1.5652  99.0000  -145.992
 15   2     74.8     12.2   0.1055   0.0011  99.0000   0.2725   1.1083  99.0000  -134.747
 15   3     74.8     12.2   0.0592   0.1007   0.5878   0.1950   3.7145   0.5878  -130.671
 15   4     75.0     12.0   0.1025   0.0010  99.0000   0.2655   1.0242  99.0000  -134.313
 15   5     75.4     11.6   0.1119   0.0011  99.0000   0.2911   3.7184  99.0000  -135.082
 15   6     75.8     11.2   0.0774   0.1037   0.7457   0.2423   5.3490   0.7457  -131.985
 15   7     75.0     12.0   0.0750   0.0008  99.0000   0.1941   3.9000  99.0000  -126.911
 15   8     75.0     12.0   0.0750   0.0008  99.0000   0.1941   3.9000  99.0000  -126.911
 15   9     74.9     12.1   0.0436   0.0004  99.0000   0.1129   5.2089  99.0000  -119.436
 15  10     74.4     12.6   0.0586   0.0006  99.0000   0.1508   2.6626  99.0000  -123.602
 15  11     74.4     12.6   0.0586   0.0006  99.0000   0.1508   2.6626  99.0000  -123.602
 15  12     74.7     12.3   0.0588   0.0006  99.0000   0.1517   2.6717  99.0000  -122.209
 15  13     74.7     12.3   0.0735   0.0007  99.0000   0.1897   1.8148  99.0000  -126.546
 15  14     74.4     12.6   0.0581   0.0941   0.6169   0.1898   1.6999   0.6169  -127.459
 16   1     74.3     12.7   0.1831   0.0018  99.0000   0.4698   2.3549  99.0000  -146.108
 16   2     74.8     12.2   0.1085   0.0011  99.0000   0.2805   2.0986  99.0000  -135.393
 16   3     74.6     12.4   0.0748   0.0974   0.7686   0.2341   2.5641   0.7686  -134.651
 16   4     74.8     12.2   0.0866   0.0009  99.0000   0.2237   1.2725  99.0000  -132.144
 16   5     75.0     12.0   0.1290   0.0013  99.0000   0.3342   2.8705  99.0000  -138.524
 16   6     75.7     11.3   0.0612   0.1022   0.5990   0.1997  10.5404   0.5990  -128.490
 16   7     74.5     12.5   0.0911   0.0009  99.0000   0.2346   2.6598  99.0000  -130.504
 16   8     74.5     12.5   0.0911   0.0009  99.0000   0.2346   2.6598  99.0000  -130.504
 16   9     74.4     12.6   0.0586   0.0006  99.0000   0.1508   2.6626  99.0000  -123.602
 16  10     74.4     12.6   0.0437   0.0004  99.0000   0.1124   5.3051  99.0000  -120.051
 16  11     74.4     12.6   0.0437   0.0004  99.0000   0.1124   5.3051  99.0000  -120.051
 16  12     74.8     12.2   0.0439   0.0004  99.0000   0.1133   5.3112  99.0000  -118.856
 16  13     74.5     12.5   0.0583   0.0006  99.0000   0.1500   2.7067  99.0000  -123.688
 16  14     74.4     12.6   0.0429   0.0928   0.4626   0.1504   2.5655   0.4626  -124.250
 16  15     73.6     13.4   0.0135   0.0001  99.0000   0.0343   0.4000  99.0000  -110.359
 17   1     74.3     12.7   0.1974   0.0020  99.0000   0.5064   1.2333  99.0000  -149.787
 17   2     74.7     12.3   0.0974   0.1503   0.6481   0.3147   0.8203   0.6481  -139.977
 17   3     74.9     12.1   0.0731   0.0007  99.0000   0.1891   1.6748  99.0000  -130.082
 17   4     74.9     12.1   0.1079   0.0803   1.3442   0.3122   0.7703   1.3442  -140.289
 17   5     75.3     11.7   0.1091   0.0011  99.0000   0.2838   2.0161  99.0000  -135.438
 17   6     75.8     11.2   0.0725   0.0007  99.0000   0.1899   1.7306  99.0000  -129.627
 17   7     74.7     12.3   0.0736   0.0007  99.0000   0.1899   1.6390  99.0000  -127.109
 17   8     74.7     12.3   0.0736   0.0007  99.0000   0.1899   1.6390  99.0000  -127.109
 17   9     75.1     11.9   0.0600   0.0963   0.6232   0.1950   3.8335   0.6232  -127.485
 17  10     74.4     12.6   0.0586   0.0931   0.6296   0.1908   1.6552   0.6296  -128.635
 17  11     74.4     12.6   0.0586   0.0931   0.6296   0.1908   1.6552   0.6296  -128.635
 17  12     74.7     12.3   0.0584   0.0961   0.6081   0.1913   1.6744   0.6081  -127.350
 17  13     74.7     12.3   0.0736   0.0963   0.7636   0.2303   1.2661   0.7636  -131.534
 17  14     73.8     13.2   0.0564   0.0006  99.0000   0.1438   0.4000  99.0000  -122.137
 17  15     75.5     11.5   0.0447   0.0986   0.4532   0.1554   7.6219   0.4532  -122.628
 17  16     74.7     12.3   0.0434   0.0935   0.4639   0.1515   2.4959   0.4639  -124.569
 18   1     74.7     12.3   0.1826   0.0018  99.0000   0.4712   2.3048  99.0000  -147.403
 18   2     75.2     11.8   0.1084   0.0011  99.0000   0.2816   2.0518  99.0000  -136.246
 18   3     75.0     12.0   0.0746   0.0981   0.7605   0.2335   2.4879   0.7605  -135.291
 18   4     75.2     11.8   0.0863   0.0009  99.0000   0.2242   1.2573  99.0000  -132.814
 18   5     75.4     11.6   0.1289   0.0013  99.0000   0.3358   2.8057  99.0000  -139.428
 18   6     76.0     11.0   0.0610   0.1010   0.6034   0.1981  10.1708   0.6034  -129.169
 18   7     74.9     12.1   0.0909   0.0009  99.0000   0.2353   2.5890  99.0000  -131.416
 18   8     74.9     12.1   0.0909   0.0009  99.0000   0.2353   2.5890  99.0000  -131.416
 18   9     74.8     12.2   0.0585   0.0006  99.0000   0.1513   2.5931  99.0000  -124.557
 18  10     74.8     12.2   0.0437   0.0004  99.0000   0.1128   5.1730  99.0000  -120.939
 18  11     74.8     12.2   0.0437   0.0004  99.0000   0.1128   5.1730  99.0000  -120.939
 18  12     75.1     11.9   0.0438   0.0004  99.0000   0.1137   5.1722  99.0000  -119.711
 18  13     74.9     12.1   0.0582   0.0006  99.0000   0.1505   2.6396  99.0000  -124.572
 18  14     74.8     12.2   0.0428   0.0935   0.4582   0.1498   2.4795   0.4582  -124.823
 18  15     75.3     11.7   0.0438   0.0004  99.0000   0.1137   5.1210  99.0000  -119.855
 18  16     75.8     11.2   0.0292   0.0003  99.0000   0.0765 999.0000  99.0000  -114.964
 18  17     75.1     11.9   0.0433   0.0942   0.4599   0.1510   2.4175   0.4599  -125.143
 19   1     74.7     12.3   0.1826   0.0018  99.0000   0.4712   2.3048  99.0000  -147.403
 19   2     75.2     11.8   0.1084   0.0011  99.0000   0.2816   2.0518  99.0000  -136.246
 19   3     75.0     12.0   0.0746   0.0981   0.7605   0.2335   2.4879   0.7605  -135.291
 19   4     75.2     11.8   0.0863   0.0009  99.0000   0.2242   1.2573  99.0000  -132.814
 19   5     75.4     11.6   0.1289   0.0013  99.0000   0.3358   2.8057  99.0000  -139.428
 19   6     76.0     11.0   0.0610   0.1010   0.6034   0.1981  10.1708   0.6034  -129.169
 19   7     74.9     12.1   0.0909   0.0009  99.0000   0.2353   2.5890  99.0000  -131.416
 19   8     74.9     12.1   0.0909   0.0009  99.0000   0.2353   2.5890  99.0000  -131.416
 19   9     74.8     12.2   0.0585   0.0006  99.0000   0.1513   2.5931  99.0000  -124.557
 19  10     74.8     12.2   0.0437   0.0004  99.0000   0.1128   5.1730  99.0000  -120.939
 19  11     74.8     12.2   0.0437   0.0004  99.0000   0.1128   5.1730  99.0000  -120.939
 19  12     75.1     11.9   0.0438   0.0004  99.0000   0.1137   5.1722  99.0000  -119.711
 19  13     74.9     12.1   0.0582   0.0006  99.0000   0.1505   2.6396  99.0000  -124.572
 19  14     74.8     12.2   0.0428   0.0935   0.4582   0.1498   2.4795   0.4582  -124.823
 19  15     75.3     11.7   0.0438   0.0004  99.0000   0.1137   5.1210  99.0000  -119.855
 19  16     75.8     11.2   0.0292   0.0003  99.0000   0.0765 999.0000  99.0000  -114.964
 19  17     75.1     11.9   0.0433   0.0942   0.4599   0.1510   2.4175   0.4599  -125.143
 19  18     75.0     12.0   0.0000   0.0000   0.3423   0.0000   2.4631   0.3423  -106.284
 20   1     74.6     12.4   0.1962   0.0020  99.0000   0.5054   1.8650  99.0000  -147.976
 20   2     74.9     12.1   0.1040   0.0011  99.0000   0.2691   1.0006  99.0000  -134.786
 20   3     74.8     12.2   0.0997   0.0010  99.0000   0.2577   0.4268  99.0000  -137.101
 20   4     74.9     12.1   0.0836   0.0008  99.0000   0.2161   0.4883  99.0000  -130.489
 20   5     75.1     11.9   0.1196   0.0229   5.2266   0.3192   1.6164   5.2266  -138.439
 20   6     75.7     11.3   0.0857   0.0009  99.0000   0.2243   1.2936  99.0000  -134.008
 20   7     74.5     12.5   0.0880   0.0009  99.0000   0.2265   1.2490  99.0000  -130.275
 20   8     74.5     12.5   0.0880   0.0009  99.0000   0.2265   1.2490  99.0000  -130.275
 20   9     74.3     12.7   0.0867   0.0009  99.0000   0.2225   0.4355  99.0000  -130.193
 20  10     74.0     13.0   0.0711   0.0007  99.0000   0.1816   0.5736  99.0000  -127.820
 20  11     74.0     13.0   0.0711   0.0007  99.0000   0.1816   0.5736  99.0000  -127.820
 20  12     74.3     12.7   0.0703   0.0007  99.0000   0.1804   0.6029  99.0000  -126.253
 20  13     74.6     12.4   0.0852   0.0009  99.0000   0.2195   0.4813  99.0000  -130.042
 20  14     73.8     13.2   0.0698   0.0007  99.0000   0.1781   0.4000  99.0000  -126.571
 20  15     74.2     12.8   0.0709   0.0007  99.0000   0.1816   0.5743  99.0000  -126.481
 20  16     74.0     13.0   0.0558   0.0006  99.0000   0.1427   0.7836  99.0000  -123.943
 20  17     74.1     12.9   0.0705   0.0007  99.0000   0.1804   0.4000  99.0000  -127.216
 20  18     74.4     12.6   0.0556   0.0006  99.0000   0.1430   0.7879  99.0000  -124.728
 20  19     74.4     12.6   0.0556   0.0006  99.0000   0.1430   0.7879  99.0000  -124.728
 21   1     74.6     12.4   0.1962   0.0020  99.0000   0.5054   1.8650  99.0000  -147.976
 21   2     74.9     12.1   0.1040   0.0011  99.0000   0.2691   1.0006  99.0000  -134.786
 21   3     74.8     12.2   0.0997   0.0010  99.0000   0.2577   0.4268  99.0000  -137.101
 21   4     74.9     12.1   0.0836   0.0008  99.0000   0.2161   0.4883  99.0000  -130.489
 21   5     75.1     11.9   0.1196   0.0229   5.2266   0.3192   1.6164   5.2266  -138.439
 21   6     75.7     11.3   0.0857   0.0009  99.0000   0.2243   1.2936  99.0000  -134.008
 21   7     74.5     12.5   0.0880   0.0009  99.0000   0.2265   1.2490  99.0000  -130.275
 21   8     74.5     12.5   0.0880   0.0009  99.0000   0.2265   1.2490  99.0000  -130.275
 21   9     74.3     12.7   0.0867   0.0009  99.0000   0.2225   0.4355  99.0000  -130.193
 21  10     74.0     13.0   0.0711   0.0007  99.0000   0.1816   0.5736  99.0000  -127.820
 21  11     74.0     13.0   0.0711   0.0007  99.0000   0.1816   0.5736  99.0000  -127.820
 21  12     74.3     12.7   0.0703   0.0007  99.0000   0.1804   0.6029  99.0000  -126.253
 21  13     74.6     12.4   0.0852   0.0009  99.0000   0.2195   0.4813  99.0000  -130.042
 21  14     73.8     13.2   0.0698   0.0007  99.0000   0.1781   0.4000  99.0000  -126.571
 21  15     74.2     12.8   0.0709   0.0007  99.0000   0.1816   0.5743  99.0000  -126.481
 21  16     74.0     13.0   0.0558   0.0006  99.0000   0.1427   0.7836  99.0000  -123.943
 21  17     74.1     12.9   0.0705   0.0007  99.0000   0.1804   0.4000  99.0000  -127.216
 21  18     74.4     12.6   0.0556   0.0006  99.0000   0.1430   0.7879  99.0000  -124.728
 21  19     74.4     12.6   0.0556   0.0006  99.0000   0.1430   0.7879  99.0000  -124.728
 21  20     74.7     12.3   0.0000   0.0000   1.7540   0.0000   1.4535   1.7540  -104.800
 22   1     74.6     12.4   0.1822   0.0018  99.0000   0.4698   2.2298  99.0000  -147.275
 22   2     75.2     11.8   0.0818   0.1590   0.5143   0.2768   1.9048   0.5143  -137.237
 22   3     74.9     12.1   0.0565   0.0006  99.0000   0.1462   0.8483  99.0000  -127.014
 22   4     75.1     11.9   0.0733   0.0937   0.7818   0.2281   1.2310   0.7818  -134.293
 22   5     75.1     11.9   0.0896   0.0044  20.2695   0.2338   1.3396  20.2695  -133.388
 22   6     75.8     11.2   0.0438   0.0004  99.0000   0.1147   5.1984  99.0000  -122.145
 22   7     74.4     12.6   0.0573   0.0006  99.0000   0.1472   0.7996  99.0000  -124.188
 22   8     74.4     12.6   0.0573   0.0006  99.0000   0.1472   0.7996  99.0000  -124.188
 22   9     74.8     12.2   0.0439   0.0958   0.4581   0.1535   2.5386   0.4581  -124.434
 22  10     74.7     12.3   0.0290   0.0942   0.3080   0.1147   5.1126   0.3080  -120.460
 22  11     74.7     12.3   0.0290   0.0942   0.3080   0.1147   5.1126   0.3080  -120.460
 22  12     75.0     12.0   0.0291   0.0982   0.2960   0.1157   5.1017   0.2960  -119.181
 22  13     74.8     12.2   0.0435   0.0966   0.4501   0.1527   2.5796   0.4501  -124.358
 22  14     73.8     13.2   0.0275   0.0003  99.0000   0.0700   0.4000  99.0000  -115.176
 22  15     75.2     11.8   0.0291   0.0977   0.2977   0.1152   5.0543   0.2977  -119.585
 22  16     75.7     11.3   0.0144   0.1018   0.1416   0.0774 999.0000   0.1416  -114.110
 22  17     74.2     12.8   0.0276   0.0003  99.0000   0.0708   0.4000  99.0000  -115.416
 22  18     76.0     11.0   0.0144   0.0993   0.1450   0.0754 999.0000   0.1450  -114.761
 22  19     76.0     11.0   0.0144   0.0993   0.1450   0.0754 999.0000   0.1450  -114.761
 22  20     74.2     12.8   0.0410   0.0004  99.0000   0.1051   0.4000  99.0000  -120.592
 22  21     74.2     12.8   0.0410   0.0004  99.0000   0.1051   0.4000  99.0000  -120.592
 23   1     74.6     12.4   0.1822   0.0018  99.0000   0.4698   2.2298  99.0000  -147.275
 23   2     75.2     11.8   0.0818   0.1590   0.5143   0.2768   1.9048   0.5143  -137.237
 23   3     74.9     12.1   0.0565   0.0006  99.0000   0.1462   0.8483  99.0000  -127.014
 23   4     75.1     11.9   0.0733   0.0937   0.7818   0.2281   1.2310   0.7818  -134.293
 23   5     75.1     11.9   0.0896   0.0044  20.2694   0.2338   1.3396  20.2694  -133.388
 23   6     75.8     11.2   0.0438   0.0004  99.0000   0.1147   5.1984  99.0000  -122.145
 23   7     74.4     12.6   0.0573   0.0006  99.0000   0.1472   0.7996  99.0000  -124.188
 23   8     74.4     12.6   0.0573   0.0006  99.0000   0.1472   0.7996  99.0000  -124.188
 23   9     74.8     12.2   0.0439   0.0958   0.4581   0.1535   2.5386   0.4581  -124.434
 23  10     74.7     12.3   0.0290   0.0942   0.3080   0.1147   5.1126   0.3080  -120.460
 23  11     74.7     12.3   0.0290   0.0942   0.3080   0.1147   5.1126   0.3080  -120.460
 23  12     75.0     12.0   0.0291   0.0982   0.2960   0.1157   5.1017   0.2960  -119.181
 23  13     74.8     12.2   0.0435   0.0966   0.4501   0.1527   2.5796   0.4501  -124.358
 23  14     73.8     13.2   0.0275   0.0003  99.0000   0.0700   0.4000  99.0000  -115.176
 23  15     75.2     11.8   0.0291   0.0977   0.2977   0.1152   5.0543   0.2977  -119.585
 23  16     75.7     11.3   0.0144   0.1018   0.1416   0.0774 999.0000   0.1416  -114.110
 23  17     74.2     12.8   0.0276   0.0003  99.0000   0.0708   0.4000  99.0000  -115.416
 23  18     76.0     11.0   0.0144   0.0993   0.1450   0.0754 999.0000   0.1450  -114.761
 23  19     76.0     11.0   0.0144   0.0993   0.1450   0.0754 999.0000   0.1450  -114.761
 23  20     74.2     12.8   0.0410   0.0004  99.0000   0.1051   0.4000  99.0000  -120.592
 23  21     74.2     12.8   0.0410   0.0004  99.0000   0.1051   0.4000  99.0000  -120.592
 23  22     74.6     12.4   0.0000   0.0000   1.9981   0.0000   1.2607   1.9981  -105.724
 24   1     74.6     12.4   0.1822   0.0018  99.0000   0.4698   2.2298  99.0000  -147.275
 24   2     75.2     11.8   0.0818   0.1590   0.5143   0.2768   1.9048   0.5143  -137.237
 24   3     74.9     12.1   0.0565   0.0006  99.0000   0.1462   0.8483  99.0000  -127.014
 24   4     75.1     11.9   0.0733   0.0937   0.7818   0.2281   1.2310   0.7818  -134.293
 24   5     75.1     11.9   0.0896   0.0044  20.2694   0.2338   1.3396  20.2694  -133.388
 24   6     75.8     11.2   0.0438   0.0004  99.0000   0.1147   5.1984  99.0000  -122.145
 24   7     74.4     12.6   0.0573   0.0006  99.0000   0.1472   0.7996  99.0000  -124.188
 24   8     74.4     12.6   0.0573   0.0006  99.0000   0.1472   0.7996  99.0000  -124.188
 24   9     74.8     12.2   0.0439   0.0958   0.4581   0.1535   2.5386   0.4581  -124.434
 24  10     74.7     12.3   0.0290   0.0942   0.3080   0.1147   5.1126   0.3080  -120.460
 24  11     74.7     12.3   0.0290   0.0942   0.3080   0.1147   5.1126   0.3080  -120.460
 24  12     75.0     12.0   0.0291   0.0982   0.2960   0.1157   5.1017   0.2960  -119.181
 24  13     74.8     12.2   0.0435   0.0966   0.4501   0.1527   2.5796   0.4501  -124.358
 24  14     73.8     13.2   0.0275   0.0003  99.0000   0.0700   0.4000  99.0000  -115.176
 24  15     75.2     11.8   0.0291   0.0977   0.2977   0.1152   5.0543   0.2977  -119.585
 24  16     75.7     11.3   0.0144   0.1018   0.1416   0.0774 999.0000   0.1416  -114.110
 24  17     74.2     12.8   0.0276   0.0003  99.0000   0.0708   0.4000  99.0000  -115.416
 24  18     76.0     11.0   0.0144   0.0993   0.1450   0.0754 999.0000   0.1450  -114.761
 24  19     76.0     11.0   0.0144   0.0993   0.1450   0.0754 999.0000   0.1450  -114.761
 24  20     74.2     12.8   0.0410   0.0004  99.0000   0.1051   0.4000  99.0000  -120.592
 24  21     74.2     12.8   0.0410   0.0004  99.0000   0.1051   0.4000  99.0000  -120.592
 24  22     75.8     11.2   0.0000   0.0000  99.0000   0.0000 999.0000  99.0000  -105.724
 24  23     75.3     11.7   0.0000   0.0000   1.9905   0.0000   5.0059   1.9905  -105.724
 25   1     74.6     12.4   0.1822   0.0018  99.0000   0.4698   2.2298  99.0000  -147.275
 25   2     75.2     11.8   0.0818   0.1590   0.5143   0.2768   1.9048   0.5143  -137.237
 25   3     74.9     12.1   0.0565   0.0006  99.0000   0.1462   0.8483  99.0000  -127.014
 25   4     75.1     11.9   0.0733   0.0937   0.7818   0.2281   1.2310   0.7818  -134.293
 25   5     75.1     11.9   0.0896   0.0044  20.2693   0.2338   1.3396  20.2693  -133.388
 25   6     75.8     11.2   0.0438   0.0004  99.0000   0.1147   5.1984  99.0000  -122.145
 25   7     74.4     12.6   0.0573   0.0006  99.0000   0.1472   0.7996  99.0000  -124.188
 25   8     74.4     12.6   0.0573   0.0006  99.0000   0.1472   0.7996  99.0000  -124.188
 25   9     74.8     12.2   0.0439   0.0958   0.4581   0.1535   2.5386   0.4581  -124.434
 25  10     74.7     12.3   0.0290   0.0942   0.3080   0.1147   5.1126   0.3080  -120.460
 25  11     74.7     12.3   0.0290   0.0942   0.3080   0.1147   5.1126   0.3080  -120.460
 25  12     75.0     12.0   0.0291   0.0982   0.2960   0.1157   5.1017   0.2960  -119.181
 25  13     74.8     12.2   0.0435   0.0966   0.4501   0.1527   2.5796   0.4501  -124.358
 25  14     73.8     13.2   0.0275   0.0003  99.0000   0.0700   0.4000  99.0000  -115.176
 25  15     75.2     11.8   0.0291   0.0977   0.2977   0.1152   5.0543   0.2977  -119.585
 25  16     75.7     11.3   0.0144   0.1018   0.1416   0.0774 999.0000   0.1416  -114.110
 25  17     74.2     12.8   0.0276   0.0003  99.0000   0.0708   0.4000  99.0000  -115.416
 25  18     76.0     11.0   0.0144   0.0993   0.1450   0.0754 999.0000   0.1450  -114.761
 25  19     76.0     11.0   0.0144   0.0993   0.1450   0.0754 999.0000   0.1450  -114.761
 25  20     74.2     12.8   0.0410   0.0004  99.0000   0.1051   0.4000  99.0000  -120.592
 25  21     74.2     12.8   0.0410   0.0004  99.0000   0.1051   0.4000  99.0000  -120.592
 25  22     74.6     12.4   0.0000   0.0000   1.9999   0.0000   1.1788   1.9999  -105.724
 25  23     74.2     12.8   0.0000   0.0000   0.0010   0.0000   0.4000   0.0010  -105.724
 25  24     74.2     12.8   0.0000   0.0000   0.0010   0.0000   0.4000   0.0010  -105.724

